157259 2 1697591656.573389 1697591656.577334 0.003945 4209961.788595
157259 2 1697591656.635628 1697591656.637340 0.001712 4209974.004926
157259 2 1697591656.637383 1697591656.641333 0.003950 4209979.350386
157259 2 1697591656.693375 1697591656.697329 0.003954 4209991.611856
157259 2 1697591656.745548 1697591656.749340 0.003792 4210003.862915
157259 2 1697591656.781390 1697591656.785338 0.003948 4210015.593901
157259 2 1697591656.817586 1697591656.818736 0.001150 4210027.818583
157259 2 1697591656.833385 1697591656.837340 0.003955 4210031.476491
157259 2 1697591656.877506 1697591656.881334 0.003829 4210043.692449
157259 2 1697591656.915754 1697591656.916056 0.000302 4210055.578609
157259 2 1697591656.916132 1697591656.917337 0.001205 4210056.635126
157259 2 1697591656.917377 1697591656.919819 0.002443 4210060.405836
157259 2 1697591656.953526 1697591656.957339 0.003813 4210068.003096
157259 2 1697591656.993391 1697591656.997330 0.003939 4210079.797182
157259 2 1697591657.041377 1697591657.045337 0.003960 4210092.032652
157259 2 1697591657.081392 1697591657.085335 0.003943 4210104.270170
157259 2 1697591657.118070 1697591657.118401 0.000331 4210116.488070
157259 2 1697591657.121581 1697591657.121937 0.000357 4210117.615191
157259 2 1697591657.122082 1697591657.122852 0.000771 4210118.809917
157259 2 1697591657.145390 1697591657.149333 0.003944 4210121.271279
157259 2 1697591657.181526 1697591657.185329 0.003803 4210133.478575
157259 2 1697591657.217471 1697591657.219181 0.001710 4210145.297983
157259 2 1697591657.233379 1697591657.237329 0.003950 4210150.640172
157259 2 1697591657.273583 1697591657.277334 0.003751 4210162.848669
157259 2 1697591657.320125 1697591657.321331 0.001207 4210174.454500
157259 2 1697591657.324205 1697591657.325004 0.000799 4210178.446668
157259 2 1697591657.345375 1697591657.349328 0.003953 4210180.998191
157259 2 1697591657.377382 1697591657.381339 0.003957 4210193.245001
157259 2 1697591657.417569 1697591657.421333 0.003764 4210205.478838
157259 2 1697591657.457385 1697591657.461333 0.003948 4210217.154983
157259 2 1697591657.501571 1697591657.505330 0.003758 4210229.376003
157259 2 1697591657.541570 1697591657.545336 0.003766 4210241.043675
157259 2 1697591657.581393 1697591657.585329 0.003936 4210252.690192
157259 2 1697591657.613379 1697591657.617337 0.003958 4210264.908651
157259 2 1697591657.665282 1697591657.665338 0.000056 4210277.137231
157259 2 1697591657.665381 1697591657.669332 0.003951 4210277.459754
157259 2 1697591657.705589 1697591657.709328 0.003739 4210289.725084
157259 2 1697591657.739910 1697591657.741329 0.001419 4210301.317262
157259 2 1697591657.741371 1697591657.745339 0.003968 4210305.803406
157259 2 1697591657.801489 1697591657.805339 0.003850 4210318.055480
157259 2 1697591657.845571 1697591657.849333 0.003762 4210329.972509
157259 2 1697591657.881577 1697591657.885328 0.003751 4210341.654230
157259 2 1697591657.925416 1697591657.929328 0.003912 4210353.314052
157259 2 1697591657.961381 1697591657.965341 0.003960 4210365.417790
157259 2 1697591658.001588 1697591658.005341 0.003753 4210377.645724
157259 2 1697591658.045532 1697591658.047071 0.001539 4210389.278916
157259 2 1697591658.061530 1697591658.065330 0.003799 4210394.103090
157259 2 1697591658.101529 1697591658.105341 0.003812 4210405.884200
157259 2 1697591658.141533 1697591658.145331 0.003797 4210417.653383
157259 2 1697591658.169456 1697591658.173335 0.003878 4210429.434857
157259 2 1697591658.221484 1697591658.225339 0.003855 4210441.411756
157259 2 1697591658.253463 1697591658.257337 0.003874 4210453.323642
157259 2 1697591658.293385 1697591658.297338 0.003953 4210465.312071
157259 2 1697591658.335064 1697591658.335805 0.000740 4210477.533238
157259 2 1697591658.345491 1697591658.349330 0.003839 4210479.936822
157259 2 1697591658.385449 1697591658.389337 0.003888 4210491.802383
157259 2 1697591658.425494 1697591658.429337 0.003844 4210503.799588
157259 2 1697591658.465383 1697591658.469333 0.003950 4210515.687699
157259 2 1697591658.501527 1697591658.505331 0.003804 4210527.945846
157259 2 1697591658.547526 1697591658.549329 0.001803 4210539.719128
157259 2 1697591658.549364 1697591658.553330 0.003966 4210545.347588
157259 2 1697591658.609519 1697591658.613337 0.003818 4210557.601117
157259 2 1697591658.641539 1697591658.645337 0.003798 4210569.387808
157259 2 1697591658.689538 1697591658.693340 0.003802 4210581.142930
157259 2 1697591658.729383 1697591658.733336 0.003953 4210592.913336
157259 2 1697591658.769385 1697591658.773089 0.003704 4210605.141179
157259 2 1697591658.809463 1697591658.812520 0.003058 4210616.587967
157259 2 1697591658.837459 1697591658.840088 0.002629 4210626.047798
157259 2 1697591658.865495 1697591658.869333 0.003838 4210634.231856
157259 2 1697591658.901586 1697591658.905332 0.003746 4210646.092575
157259 2 1697591658.945590 1697591658.949341 0.003751 4210657.721525
157259 2 1697591658.977584 1697591658.981329 0.003745 4210669.322389
157259 2 1697591659.025377 1697591659.029341 0.003964 4210680.972956
157259 2 1697591659.069380 1697591659.073330 0.003950 4210693.200988
157259 2 1697591659.105373 1697591659.109332 0.003959 4210705.445774
157259 2 1697591659.143292 1697591659.143773 0.000481 4210717.675466
157259 2 1697591659.157372 1697591659.161340 0.003968 4210719.249931
157259 2 1697591659.193536 1697591659.197335 0.003799 4210731.470001
157259 2 1697591659.229488 1697591659.233329 0.003841 4210743.224652
157259 2 1697591659.269533 1697591659.273336 0.003803 4210755.127294
157259 2 1697591659.309465 1697591659.313333 0.003867 4210766.870018
157259 2 1697591659.345033 1697591659.345339 0.000306 4210778.847333
157259 2 1697591659.345379 1697591659.345724 0.000345 4210779.893491
157259 2 1697591659.362440 1697591659.365340 0.002900 4210781.059976
157259 2 1697591659.365396 1697591659.369338 0.003942 4210790.033019
157259 2 1697591659.433562 1697591659.437328 0.003766 4210802.303940
157259 2 1697591659.473577 1697591659.477328 0.003751 4210814.006981
157259 2 1697591659.513458 1697591659.517332 0.003874 4210825.648607
157259 2 1697591659.548568 1697591659.549334 0.000766 4210837.634279
157259 2 1697591659.549375 1697591659.553333 0.003958 4210840.093972
157259 2 1697591659.594647 1697591659.594647 0.000000 4210852.364832
