0.000000 read_enter 0 131072
0.001145 read_return 0 131072
0.001145 read_enter 131072 131072
0.001634 read_return 131072 131072
0.001634 read_enter 262144 131072
0.002004 read_return 262144 131072
0.002004 read_enter 393216 131072
0.002370 read_return 393216 131072
0.002370 read_enter 524288 131072
0.002625 read_return 524288 131072
0.002625 read_enter 655360 131072
0.002994 read_return 655360 131072
0.002994 read_enter 786432 131072
0.003175 read_return 786432 131072
0.003175 read_enter 917504 131072
0.003526 read_return 917504 131072
0.003527 read_enter 1048576 131072
0.003666 read_return 1048576 131072
0.003666 read_enter 1179648 131072
0.004044 read_return 1179648 131072
0.004044 read_enter 1310720 131072
0.004167 read_return 1310720 131072
0.004167 read_enter 1441792 131072
0.004594 read_return 1441792 131072
0.004594 read_enter 1572864 131072
0.004725 read_return 1572864 131072
0.004725 read_enter 1703936 131072
0.005119 read_return 1703936 131072
0.005120 read_enter 1835008 131072
0.005307 read_return 1835008 131072
0.005307 read_enter 1966080 131072
0.005667 read_return 1966080 131072
0.005667 read_enter 2097152 131072
0.005865 read_return 2097152 131072
0.005865 read_enter 2228224 131072
0.006199 read_return 2228224 131072
0.006199 read_enter 2359296 131072
0.006468 read_return 2359296 131072
0.006468 read_enter 2490368 131072
0.006809 read_return 2490368 131072
0.006809 read_enter 2621440 131072
0.007012 read_return 2621440 131072
0.007013 read_enter 2752512 131072
0.007374 read_return 2752512 131072
0.007374 read_enter 2883584 131072
0.007562 read_return 2883584 131072
0.007562 read_enter 3014656 131072
0.007908 read_return 3014656 131072
0.007909 read_enter 3145728 131072
0.008083 read_return 3145728 131072
0.008084 read_enter 3276800 131072
0.008436 read_return 3276800 131072
0.008436 read_enter 3407872 131072
0.008606 read_return 3407872 131072
0.008606 read_enter 3538944 131072
0.008961 read_return 3538944 131072
0.008961 read_enter 3670016 131072
0.009129 read_return 3670016 131072
0.009129 read_enter 3801088 131072
0.009523 read_return 3801088 131072
0.009523 read_enter 3932160 131072
0.009698 read_return 3932160 131072
0.009699 read_enter 4063232 131072
0.009989 read_return 4063232 131072
0.009989 read_enter 4194304 131072
0.010213 read_return 4194304 131072
0.010213 read_enter 4325376 131072
0.010616 read_return 4325376 131072
0.010616 read_enter 4456448 131072
0.010687 read_return 4456448 131072
0.010687 read_enter 4587520 131072
0.010969 read_return 4587520 131072
0.010969 read_enter 4718592 131072
0.011146 read_return 4718592 131072
0.011146 read_enter 4849664 131072
0.011411 read_return 4849664 131072
0.011411 read_enter 4980736 131072
0.011554 read_return 4980736 131072
0.011554 read_enter 5111808 131072
0.011816 read_return 5111808 131072
0.011816 read_enter 5242880 131072
0.011948 read_return 5242880 131072
0.011948 read_enter 5373952 131072
0.012213 read_return 5373952 131072
0.012213 read_enter 5505024 131072
0.012355 read_return 5505024 131072
0.012355 read_enter 5636096 131072
0.012616 read_return 5636096 131072
0.012616 read_enter 5767168 131072
0.012758 read_return 5767168 131072
0.012758 read_enter 5898240 131072
0.013012 read_return 5898240 131072
0.013012 read_enter 6029312 131072
0.013155 read_return 6029312 131072
0.013155 read_enter 6160384 131072
0.013415 read_return 6160384 131072
0.013415 read_enter 6291456 131072
0.013566 read_return 6291456 131072
0.013566 read_enter 6422528 131072
0.013820 read_return 6422528 131072
0.013820 read_enter 6553600 131072
0.013960 read_return 6553600 131072
0.013960 read_enter 6684672 131072
0.014226 read_return 6684672 131072
0.014226 read_enter 6815744 131072
0.014365 read_return 6815744 131072
0.014365 read_enter 6946816 131072
0.014647 read_return 6946816 131072
0.014647 read_enter 7077888 131072
0.014753 read_return 7077888 131072
0.014753 read_enter 7208960 131072
0.015035 read_return 7208960 131072
0.015035 read_enter 7340032 131072
0.015136 read_return 7340032 131072
0.015136 read_enter 7471104 131072
0.015424 read_return 7471104 131072
0.015424 read_enter 7602176 131072
0.015502 read_return 7602176 131072
0.015502 read_enter 7733248 131072
0.015893 read_return 7733248 131072
0.015893 read_enter 7864320 131072
0.015967 read_return 7864320 131072
0.015967 read_enter 7995392 131072
0.016362 read_return 7995392 131072
0.016362 read_enter 8126464 131072
0.016446 read_return 8126464 131072
0.016446 read_enter 8257536 131072
0.016826 read_return 8257536 131072
0.016826 read_enter 8388608 131072
0.016906 read_return 8388608 131072
0.016906 read_enter 8519680 131072
0.017227 read_return 8519680 131072
0.017227 read_enter 8650752 131072
0.017299 read_return 8650752 131072
0.017299 read_enter 8781824 131072
0.017718 read_return 8781824 131072
0.017718 read_enter 8912896 131072
0.017798 read_return 8912896 131072
0.017798 read_enter 9043968 131072
0.018078 read_return 9043968 131072
0.018078 read_enter 9175040 131072
0.018158 read_return 9175040 131072
0.018158 read_enter 9306112 131072
0.018439 read_return 9306112 131072
0.018440 read_enter 9437184 131072
0.018547 read_return 9437184 131072
0.018547 read_enter 9568256 131072
0.018806 read_return 9568256 131072
0.018806 read_enter 9699328 131072
0.018886 read_return 9699328 131072
0.018886 read_enter 9830400 131072
0.019172 read_return 9830400 131072
0.019172 read_enter 9961472 131072
0.019249 read_return 9961472 131072
0.019249 read_enter 10092544 131072
0.019605 read_return 10092544 131072
0.019605 read_enter 10223616 131072
0.019686 read_return 10223616 131072
0.019686 read_enter 10354688 131072
0.019975 read_return 10354688 131072
0.019975 read_enter 10485760 131072
0.020048 read_return 10485760 131072
0.020048 read_enter 10616832 131072
0.020342 read_return 10616832 131072
0.020342 read_enter 10747904 131072
0.020422 read_return 10747904 131072
0.020422 read_enter 10878976 131072
0.020700 read_return 10878976 131072
0.020700 read_enter 11010048 131072
0.020793 read_return 11010048 131072
0.020793 read_enter 11141120 131072
0.021056 read_return 11141120 131072
0.021056 read_enter 11272192 131072
0.021142 read_return 11272192 131072
0.021142 read_enter 11403264 131072
0.021394 read_return 11403264 131072
0.021394 read_enter 11534336 131072
0.021474 read_return 11534336 131072
0.021474 read_enter 11665408 131072
0.021736 read_return 11665408 131072
0.021736 read_enter 11796480 131072
0.021949 read_return 11796480 131072
0.021949 read_enter 11927552 131072
0.022169 read_return 11927552 131072
0.022169 read_enter 12058624 131072
0.022464 read_return 12058624 131072
0.022464 read_enter 12189696 131072
0.022538 read_return 12189696 131072
0.022538 read_enter 12320768 131072
0.022823 read_return 12320768 131072
0.022823 read_enter 12451840 131072
0.022909 read_return 12451840 131072
0.022909 read_enter 12582912 131072
0.023189 read_return 12582912 131072
0.023189 read_enter 12713984 131072
0.023272 read_return 12713984 131072
0.023272 read_enter 12845056 131072
0.023567 read_return 12845056 131072
0.023567 read_enter 12976128 131072
0.023701 read_return 12976128 131072
0.023701 read_enter 13107200 131072
0.023945 read_return 13107200 131072
0.023945 read_enter 13238272 131072
0.024096 read_return 13238272 131072
0.024097 read_enter 13369344 131072
0.024332 read_return 13369344 131072
0.024332 read_enter 13500416 131072
0.024479 read_return 13500416 131072
0.024479 read_enter 13631488 131072
0.024725 read_return 13631488 131072
0.024725 read_enter 13762560 131072
0.024858 read_return 13762560 131072
0.024858 read_enter 13893632 131072
0.025117 read_return 13893632 131072
0.025117 read_enter 14024704 131072
0.025193 read_return 14024704 131072
0.025193 read_enter 14155776 131072
0.025466 read_return 14155776 131072
0.025466 read_enter 14286848 131072
0.025554 read_return 14286848 131072
0.025554 read_enter 14417920 131072
0.025813 read_return 14417920 131072
0.025813 read_enter 14548992 131072
0.025881 read_return 14548992 131072
0.025881 read_enter 14680064 131072
0.026162 read_return 14680064 131072
0.026162 read_enter 14811136 131072
0.026243 read_return 14811136 131072
0.026243 read_enter 14942208 131072
0.026492 read_return 14942208 131072
0.026492 read_enter 15073280 131072
0.026654 read_return 15073280 131072
0.026654 read_enter 15204352 131072
0.026851 read_return 15204352 131072
0.026851 read_enter 15335424 131072
0.027042 read_return 15335424 131072
0.027042 read_enter 15466496 131072
0.027239 read_return 15466496 131072
0.027239 read_enter 15597568 131072
0.027452 read_return 15597568 131072
0.027452 read_enter 15728640 131072
0.027656 read_return 15728640 131072
0.027656 read_enter 15859712 131072
0.027879 read_return 15859712 131072
0.027879 read_enter 15990784 131072
0.028069 read_return 15990784 131072
0.028069 read_enter 16121856 131072
0.028287 read_return 16121856 131072
0.028287 read_enter 16252928 131072
0.028496 read_return 16252928 131072
0.028496 read_enter 16384000 131072
0.028700 read_return 16384000 131072
0.028700 read_enter 16515072 131072
0.028911 read_return 16515072 131072
0.028911 read_enter 16646144 131072
0.029112 read_return 16646144 131072
0.029112 read_enter 16777216 131072
0.029320 read_return 16777216 131072
0.029320 read_enter 16908288 131072
0.029548 read_return 16908288 131072
0.029548 read_enter 17039360 131072
0.029746 read_return 17039360 131072
0.029746 read_enter 17170432 131072
0.029945 read_return 17170432 131072
0.029945 read_enter 17301504 131072
0.030155 read_return 17301504 131072
0.030155 read_enter 17432576 131072
0.030405 read_return 17432576 131072
0.030405 read_enter 17563648 131072
0.030527 read_return 17563648 131072
0.030527 read_enter 17694720 131072
0.030767 read_return 17694720 131072
0.030767 read_enter 17825792 131072
0.030901 read_return 17825792 131072
0.030901 read_enter 17956864 131072
0.031084 read_return 17956864 131072
0.031084 read_enter 18087936 131072
0.031266 read_return 18087936 131072
0.031266 read_enter 18219008 131072
0.031395 read_return 18219008 131072
0.031395 read_enter 18350080 131072
0.031589 read_return 18350080 131072
0.031589 read_enter 18481152 131072
0.031707 read_return 18481152 131072
0.031707 read_enter 18612224 131072
0.031906 read_return 18612224 131072
0.031906 read_enter 18743296 131072
0.032039 read_return 18743296 131072
0.032039 read_enter 18874368 131072
0.032261 read_return 18874368 131072
0.032261 read_enter 19005440 131072
0.032407 read_return 19005440 131072
0.032407 read_enter 19136512 131072
0.032627 read_return 19136512 131072
0.032627 read_enter 19267584 131072
0.032756 read_return 19267584 131072
0.032756 read_enter 19398656 131072
0.033014 read_return 19398656 131072
0.033014 read_enter 19529728 131072
0.033093 read_return 19529728 131072
0.033094 read_enter 19660800 131072
0.033394 read_return 19660800 131072
0.033394 read_enter 19791872 131072
0.033463 read_return 19791872 131072
0.033463 read_enter 19922944 131072
0.033774 read_return 19922944 131072
0.033775 read_enter 20054016 131072
0.033838 read_return 20054016 131072
0.033838 read_enter 20185088 131072
0.034204 read_return 20185088 131072
0.034204 read_enter 20316160 131072
0.034265 read_return 20316160 131072
0.034265 read_enter 20447232 131072
0.034734 read_return 20447232 131072
0.034734 read_enter 20578304 131072
0.034796 read_return 20578304 131072
0.034796 read_enter 20709376 131072
0.035246 read_return 20709376 131072
0.035246 read_enter 20840448 131072
0.035309 read_return 20840448 131072
0.035309 read_enter 20971520 131072
0.035662 read_return 20971520 131072
0.035662 read_enter 21102592 131072
0.035779 read_return 21102592 131072
0.035779 read_enter 21233664 131072
0.035954 read_return 21233664 131072
0.035955 read_enter 21364736 131072
0.036091 read_return 21364736 131072
0.036091 read_enter 21495808 131072
0.036280 read_return 21495808 131072
0.036280 read_enter 21626880 131072
0.036456 read_return 21626880 131072
0.036456 read_enter 21757952 131072
0.036605 read_return 21757952 131072
0.036605 read_enter 21889024 131072
0.036797 read_return 21889024 131072
0.036797 read_enter 22020096 131072
0.036896 read_return 22020096 131072
0.036896 read_enter 22151168 131072
0.037122 read_return 22151168 131072
0.037122 read_enter 22282240 131072
0.037190 read_return 22282240 131072
0.037190 read_enter 22413312 131072
0.037455 read_return 22413312 131072
0.037455 read_enter 22544384 131072
0.037661 read_return 22544384 131072
0.037661 read_enter 22675456 131072
0.037813 read_return 22675456 131072
0.037813 read_enter 22806528 131072
0.038018 read_return 22806528 131072
0.038018 read_enter 22937600 131072
0.038119 read_return 22937600 131072
0.038119 read_enter 23068672 131072
0.038327 read_return 23068672 131072
0.038327 read_enter 23199744 131072
0.038394 read_return 23199744 131072
0.038394 read_enter 23330816 131072
0.038692 read_return 23330816 131072
0.038692 read_enter 23461888 131072
0.038749 read_return 23461888 131072
0.038749 read_enter 23592960 131072
0.039072 read_return 23592960 131072
0.039072 read_enter 23724032 131072
0.039131 read_return 23724032 131072
0.039131 read_enter 23855104 131072
0.039425 read_return 23855104 131072
0.039425 read_enter 23986176 131072
0.039485 read_return 23986176 131072
0.039485 read_enter 24117248 131072
0.039782 read_return 24117248 131072
0.039782 read_enter 24248320 131072
0.039839 read_return 24248320 131072
0.039839 read_enter 24379392 131072
0.040114 read_return 24379392 131072
0.040114 read_enter 24510464 131072
0.040258 read_return 24510464 131072
0.040258 read_enter 24641536 131072
0.040390 read_return 24641536 131072
0.040390 read_enter 24772608 131072
0.040592 read_return 24772608 131072
0.040592 read_enter 24903680 131072
0.040742 read_return 24903680 131072
0.040742 read_enter 25034752 131072
0.040880 read_return 25034752 131072
0.040880 read_enter 25165824 131072
0.041020 read_return 25165824 131072
0.041020 read_enter 25296896 131072
0.041187 read_return 25296896 131072
0.041187 read_enter 25427968 131072
0.041339 read_return 25427968 131072
0.041339 read_enter 25559040 131072
0.041556 read_return 25559040 131072
0.041556 read_enter 25690112 131072
0.041702 read_return 25690112 131072
0.041702 read_enter 25821184 131072
0.041852 read_return 25821184 131072
0.041852 read_enter 25952256 131072
0.042008 read_return 25952256 131072
0.042008 read_enter 26083328 131072
0.042182 read_return 26083328 131072
0.042182 read_enter 26214400 131072
0.042324 read_return 26214400 131072
0.042324 read_enter 26345472 131072
0.042484 read_return 26345472 131072
0.042484 read_enter 26476544 131072
0.042692 read_return 26476544 131072
0.042693 read_enter 26607616 131072
0.042759 read_return 26607616 131072
0.042759 read_enter 26738688 131072
0.042987 read_return 26738688 131072
0.042987 read_enter 26869760 131072
0.043051 read_return 26869760 131072
0.043051 read_enter 27000832 131072
0.043274 read_return 27000832 131072
0.043274 read_enter 27131904 131072
0.043342 read_return 27131904 131072
0.043342 read_enter 27262976 131072
0.043557 read_return 27262976 131072
0.043557 read_enter 27394048 131072
0.043629 read_return 27394048 131072
0.043629 read_enter 27525120 131072
0.043852 read_return 27525120 131072
0.043852 read_enter 27656192 131072
0.043920 read_return 27656192 131072
0.043920 read_enter 27787264 131072
0.044183 read_return 27787264 131072
0.044183 read_enter 27918336 131072
0.044250 read_return 27918336 131072
0.044251 read_enter 28049408 131072
0.044476 read_return 28049408 131072
0.044477 read_enter 28180480 131072
0.044545 read_return 28180480 131072
0.044545 read_enter 28311552 131072
0.044759 read_return 28311552 131072
0.044759 read_enter 28442624 131072
0.044831 read_return 28442624 131072
0.044831 read_enter 28573696 131072
0.045061 read_return 28573696 131072
0.045061 read_enter 28704768 131072
0.045185 read_return 28704768 131072
0.045185 read_enter 28835840 131072
0.045414 read_return 28835840 131072
0.045415 read_enter 28966912 131072
0.045482 read_return 28966912 131072
0.045482 read_enter 29097984 131072
0.045715 read_return 29097984 131072
0.045716 read_enter 29229056 131072
0.045788 read_return 29229056 131072
0.045788 read_enter 29360128 131072
0.046007 read_return 29360128 131072
0.046007 read_enter 29491200 131072
0.046082 read_return 29491200 131072
0.046082 read_enter 29622272 131072
0.046324 read_return 29622272 131072
0.046324 read_enter 29753344 131072
0.046484 read_return 29753344 131072
0.046484 read_enter 29884416 131072
0.046674 read_return 29884416 131072
0.046674 read_enter 30015488 131072
0.046796 read_return 30015488 131072
0.046796 read_enter 30146560 131072
0.046960 read_return 30146560 131072
0.046960 read_enter 30277632 131072
0.047130 read_return 30277632 131072
0.047130 read_enter 30408704 131072
0.047285 read_return 30408704 131072
0.047285 read_enter 30539776 131072
0.047448 read_return 30539776 131072
0.047448 read_enter 30670848 131072
0.047668 read_return 30670848 131072
0.047668 read_enter 30801920 131072
0.047816 read_return 30801920 131072
0.047816 read_enter 30932992 131072
0.047950 read_return 30932992 131072
0.047950 read_enter 31064064 131072
0.048109 read_return 31064064 131072
0.048110 read_enter 31195136 131072
0.048321 read_return 31195136 131072
0.048321 read_enter 31326208 131072
0.048465 read_return 31326208 131072
0.048465 read_enter 31457280 131072
0.048611 read_return 31457280 131072
0.048611 read_enter 31588352 131072
0.048786 read_return 31588352 131072
0.048786 read_enter 31719424 131072
0.048954 read_return 31719424 131072
0.048954 read_enter 31850496 131072
0.049099 read_return 31850496 131072
0.049099 read_enter 31981568 131072
0.049294 read_return 31981568 131072
0.049294 read_enter 32112640 131072
0.049501 read_return 32112640 131072
0.049501 read_enter 32243712 131072
0.049601 read_return 32243712 131072
0.049601 read_enter 32374784 131072
0.049807 read_return 32374784 131072
0.049807 read_enter 32505856 131072
0.050008 read_return 32505856 131072
0.050008 read_enter 32636928 131072
0.050127 read_return 32636928 131072
0.050127 read_enter 32768000 131072
0.050332 read_return 32768000 131072
0.050332 read_enter 32899072 131072
0.050472 read_return 32899072 131072
0.050472 read_enter 33030144 131072
0.050673 read_return 33030144 131072
0.050673 read_enter 33161216 131072
0.050786 read_return 33161216 131072
0.050786 read_enter 33292288 131072
0.051008 read_return 33292288 131072
0.051008 read_enter 33423360 131072
0.051079 read_return 33423360 131072
0.051080 read_enter 33554432 131072
0.051310 read_return 33554432 131072
0.051310 read_enter 33685504 131072
0.051381 read_return 33685504 131072
0.051381 read_enter 33816576 131072
0.051616 read_return 33816576 131072
0.051616 read_enter 33947648 131072
0.051759 read_return 33947648 131072
0.051759 read_enter 34078720 131072
0.051932 read_return 34078720 131072
0.051932 read_enter 34209792 131072
0.052120 read_return 34209792 131072
0.052120 read_enter 34340864 131072
0.052330 read_return 34340864 131072
0.052330 read_enter 34471936 131072
0.052476 read_return 34471936 131072
0.052476 read_enter 34603008 131072
0.052696 read_return 34603008 131072
0.052696 read_enter 34734080 131072
0.052791 read_return 34734080 131072
0.052791 read_enter 34865152 131072
0.053015 read_return 34865152 131072
0.053015 read_enter 34996224 131072
0.053180 read_return 34996224 131072
0.053180 read_enter 35127296 131072
0.053364 read_return 35127296 131072
0.053364 read_enter 35258368 131072
0.053551 read_return 35258368 131072
0.053551 read_enter 35389440 131072
0.053701 read_return 35389440 131072
0.053701 read_enter 35520512 131072
0.053890 read_return 35520512 131072
0.053890 read_enter 35651584 131072
0.054110 read_return 35651584 131072
0.054110 read_enter 35782656 131072
0.054238 read_return 35782656 131072
0.054238 read_enter 35913728 131072
0.054451 read_return 35913728 131072
0.054452 read_enter 36044800 131072
0.054613 read_return 36044800 131072
0.054614 read_enter 36175872 131072
0.054856 read_return 36175872 131072
0.054857 read_enter 36306944 131072
0.054930 read_return 36306944 131072
0.054931 read_enter 36438016 131072
0.055164 read_return 36438016 131072
0.055164 read_enter 36569088 131072
0.055234 read_return 36569088 131072
0.055235 read_enter 36700160 131072
0.055470 read_return 36700160 131072
0.055470 read_enter 36831232 131072
0.055594 read_return 36831232 131072
0.055594 read_enter 36962304 131072
0.055782 read_return 36962304 131072
0.055782 read_enter 37093376 131072
0.055965 read_return 37093376 131072
0.055966 read_enter 37224448 131072
0.056138 read_return 37224448 131072
0.056138 read_enter 37355520 131072
0.056314 read_return 37355520 131072
0.056314 read_enter 37486592 131072
0.056476 read_return 37486592 131072
0.056476 read_enter 37617664 131072
0.056658 read_return 37617664 131072
0.056658 read_enter 37748736 131072
0.056818 read_return 37748736 131072
0.056818 read_enter 37879808 131072
0.057000 read_return 37879808 131072
0.057000 read_enter 38010880 131072
0.057206 read_return 38010880 131072
0.057206 read_enter 38141952 131072
0.057337 read_return 38141952 131072
0.057337 read_enter 38273024 131072
0.057512 read_return 38273024 131072
0.057512 read_enter 38404096 131072
0.057705 read_return 38404096 131072
0.057705 read_enter 38535168 131072
0.057896 read_return 38535168 131072
0.057896 read_enter 38666240 131072
0.058080 read_return 38666240 131072
0.058080 read_enter 38797312 131072
0.058252 read_return 38797312 131072
0.058252 read_enter 38928384 131072
0.058483 read_return 38928384 131072
0.058483 read_enter 39059456 131072
0.058558 read_return 39059456 131072
0.058558 read_enter 39190528 131072
0.058785 read_return 39190528 131072
0.058785 read_enter 39321600 131072
0.058854 read_return 39321600 131072
0.058854 read_enter 39452672 131072
0.059093 read_return 39452672 131072
0.059093 read_enter 39583744 131072
0.059164 read_return 39583744 131072
0.059164 read_enter 39714816 131072
0.059396 read_return 39714816 131072
0.059396 read_enter 39845888 131072
0.059466 read_return 39845888 131072
0.059467 read_enter 39976960 131072
0.059698 read_return 39976960 131072
0.059699 read_enter 40108032 131072
0.059850 read_return 40108032 131072
0.059850 read_enter 40239104 131072
0.060019 read_return 40239104 131072
0.060019 read_enter 40370176 131072
0.060188 read_return 40370176 131072
0.060189 read_enter 40501248 131072
0.060421 read_return 40501248 131072
0.060422 read_enter 40632320 131072
0.060546 read_return 40632320 131072
0.060546 read_enter 40763392 131072
0.060748 read_return 40763392 131072
0.060748 read_enter 40894464 131072
0.060973 read_return 40894464 131072
0.060973 read_enter 41025536 131072
0.061054 read_return 41025536 131072
0.061054 read_enter 41156608 131072
0.061285 read_return 41156608 131072
0.061285 read_enter 41287680 131072
0.061382 read_return 41287680 131072
0.061382 read_enter 41418752 131072
0.061610 read_return 41418752 131072
0.061610 read_enter 41549824 131072
0.061840 read_return 41549824 131072
0.061840 read_enter 41680896 131072
0.061977 read_return 41680896 131072
0.061977 read_enter 41811968 131072
0.062183 read_return 41811968 131072
0.062183 read_enter 41943040 131072
0.062393 read_return 41943040 131072
0.062393 read_enter 42074112 131072
0.062595 read_return 42074112 131072
0.062595 read_enter 42205184 131072
0.062814 read_return 42205184 131072
0.062814 read_enter 42336256 131072
0.063020 read_return 42336256 131072
0.063020 read_enter 42467328 131072
0.063208 read_return 42467328 131072
0.063208 read_enter 42598400 131072
0.063453 read_return 42598400 131072
0.063453 read_enter 42729472 131072
0.063528 read_return 42729472 131072
0.063528 read_enter 42860544 131072
0.063776 read_return 42860544 131072
0.063776 read_enter 42991616 131072
0.063850 read_return 42991616 131072
0.063850 read_enter 43122688 131072
0.064093 read_return 43122688 131072
0.064093 read_enter 43253760 131072
0.064165 read_return 43253760 131072
0.064165 read_enter 43384832 131072
0.064461 read_return 43384832 131072
0.064461 read_enter 43515904 131072
0.064535 read_return 43515904 131072
0.064535 read_enter 43646976 131072
0.064830 read_return 43646976 131072
0.064830 read_enter 43778048 131072
0.064905 read_return 43778048 131072
0.064905 read_enter 43909120 131072
0.065150 read_return 43909120 131072
0.065150 read_enter 44040192 131072
0.065222 read_return 44040192 131072
0.065222 read_enter 44171264 131072
0.065473 read_return 44171264 131072
0.065473 read_enter 44302336 131072
0.065556 read_return 44302336 131072
0.065556 read_enter 44433408 131072
0.065826 read_return 44433408 131072
0.065826 read_enter 44564480 131072
0.065897 read_return 44564480 131072
0.065897 read_enter 44695552 131072
0.066145 read_return 44695552 131072
0.066145 read_enter 44826624 131072
0.066215 read_return 44826624 131072
0.066215 read_enter 44957696 131072
0.066497 read_return 44957696 131072
0.066497 read_enter 45088768 131072
0.066570 read_return 45088768 131072
0.066570 read_enter 45219840 131072
0.066807 read_return 45219840 131072
0.066807 read_enter 45350912 131072
0.066880 read_return 45350912 131072
0.066880 read_enter 45481984 131072
0.067128 read_return 45481984 131072
0.067128 read_enter 45613056 131072
0.067198 read_return 45613056 131072
0.067198 read_enter 45744128 131072
0.067438 read_return 45744128 131072
0.067438 read_enter 45875200 131072
0.067510 read_return 45875200 131072
0.067510 read_enter 46006272 131072
0.067742 read_return 46006272 131072
0.067742 read_enter 46137344 131072
0.067822 read_return 46137344 131072
0.067822 read_enter 46268416 131072
0.068227 read_return 46268416 131072
0.068227 read_enter 46399488 131072
0.068299 read_return 46399488 131072
0.068299 read_enter 46530560 131072
0.068712 read_return 46530560 131072
0.068712 read_enter 46661632 131072
0.068785 read_return 46661632 131072
0.068785 read_enter 46792704 131072
0.069034 read_return 46792704 131072
0.069034 read_enter 46923776 131072
0.069106 read_return 46923776 131072
0.069106 read_enter 47054848 131072
0.069355 read_return 47054848 131072
0.069355 read_enter 47185920 131072
0.069548 read_return 47185920 131072
0.069548 read_enter 47316992 131072
0.069731 read_return 47316992 131072
0.069731 read_enter 47448064 131072
0.069916 read_return 47448064 131072
0.069917 read_enter 47579136 131072
0.070132 read_return 47579136 131072
0.070132 read_enter 47710208 131072
0.070282 read_return 47710208 131072
0.070282 read_enter 47841280 131072
0.070489 read_return 47841280 131072
0.070489 read_enter 47972352 131072
0.070717 read_return 47972352 131072
0.070717 read_enter 48103424 131072
0.070903 read_return 48103424 131072
0.070903 read_enter 48234496 131072
0.071168 read_return 48234496 131072
0.071168 read_enter 48365568 131072
0.071332 read_return 48365568 131072
0.071332 read_enter 48496640 131072
0.071595 read_return 48496640 131072
0.071595 read_enter 48627712 131072
0.071766 read_return 48627712 131072
0.071766 read_enter 48758784 131072
0.071965 read_return 48758784 131072
0.071965 read_enter 48889856 131072
0.072151 read_return 48889856 131072
0.072152 read_enter 49020928 131072
0.072364 read_return 49020928 131072
0.072364 read_enter 49152000 131072
0.072552 read_return 49152000 131072
0.072552 read_enter 49283072 131072
0.072757 read_return 49283072 131072
0.072757 read_enter 49414144 131072
0.072951 read_return 49414144 131072
0.072951 read_enter 49545216 131072
0.073152 read_return 49545216 131072
0.073152 read_enter 49676288 131072
0.073362 read_return 49676288 131072
0.073362 read_enter 49807360 131072
0.073571 read_return 49807360 131072
0.073571 read_enter 49938432 131072
0.073775 read_return 49938432 131072
0.073775 read_enter 50069504 131072
0.073978 read_return 50069504 131072
0.073978 read_enter 50200576 131072
0.074177 read_return 50200576 131072
0.074177 read_enter 50331648 131072
0.074380 read_return 50331648 131072
0.074380 read_enter 50462720 131072
0.074624 read_return 50462720 131072
0.074624 read_enter 50593792 131072
0.074767 read_return 50593792 131072
0.074767 read_enter 50724864 131072
0.074972 read_return 50724864 131072
0.074972 read_enter 50855936 131072
0.075169 read_return 50855936 131072
0.075169 read_enter 50987008 131072
0.075457 read_return 50987008 131072
0.075457 read_enter 51118080 131072
0.075548 read_return 51118080 131072
0.075548 read_enter 51249152 131072
0.075799 read_return 51249152 131072
0.075799 read_enter 51380224 131072
0.075896 read_return 51380224 131072
0.075896 read_enter 51511296 131072
0.076133 read_return 51511296 131072
0.076133 read_enter 51642368 131072
0.076222 read_return 51642368 131072
0.076222 read_enter 51773440 131072
0.076465 read_return 51773440 131072
0.076465 read_enter 51904512 131072
0.076652 read_return 51904512 131072
0.076652 read_enter 52035584 131072
0.076862 read_return 52035584 131072
0.076862 read_enter 52166656 131072
0.077055 read_return 52166656 131072
0.077055 read_enter 52297728 131072
0.077261 read_return 52297728 131072
0.077261 read_enter 52428800 131072
0.077481 read_return 52428800 131072
0.077482 read_enter 52559872 131072
0.077710 read_return 52559872 131072
0.077710 read_enter 52690944 131072
0.077917 read_return 52690944 131072
0.077917 read_enter 52822016 131072
0.078111 read_return 52822016 131072
0.078111 read_enter 52953088 131072
0.078354 read_return 52953088 131072
0.078354 read_enter 53084160 131072
0.078594 read_return 53084160 131072
0.078594 read_enter 53215232 131072
0.078771 read_return 53215232 131072
0.078771 read_enter 53346304 131072
0.078980 read_return 53346304 131072
0.078980 read_enter 53477376 131072
0.079256 read_return 53477376 131072
0.079256 read_enter 53608448 131072
0.079400 read_return 53608448 131072
0.079400 read_enter 53739520 131072
0.079593 read_return 53739520 131072
0.079593 read_enter 53870592 131072
0.079808 read_return 53870592 131072
0.079808 read_enter 54001664 131072
0.080012 read_return 54001664 131072
0.080012 read_enter 54132736 131072
0.080215 read_return 54132736 131072
0.080215 read_enter 54263808 131072
0.080443 read_return 54263808 131072
0.080444 read_enter 54394880 131072
0.080623 read_return 54394880 131072
0.080624 read_enter 54525952 131072
0.080826 read_return 54525952 131072
0.080826 read_enter 54657024 131072
0.081068 read_return 54657024 131072
0.081068 read_enter 54788096 131072
0.081262 read_return 54788096 131072
0.081263 read_enter 54919168 131072
0.081473 read_return 54919168 131072
0.081474 read_enter 55050240 131072
0.081732 read_return 55050240 131072
0.081732 read_enter 55181312 131072
0.081970 read_return 55181312 131072
0.081970 read_enter 55312384 131072
0.082138 read_return 55312384 131072
0.082138 read_enter 55443456 131072
0.082352 read_return 55443456 131072
0.082352 read_enter 55574528 131072
0.082568 read_return 55574528 131072
0.082568 read_enter 55705600 131072
0.082773 read_return 55705600 131072
0.082773 read_enter 55836672 131072
0.082975 read_return 55836672 131072
0.082975 read_enter 55967744 131072
0.083182 read_return 55967744 131072
0.083182 read_enter 56098816 131072
0.083419 read_return 56098816 131072
0.083419 read_enter 56229888 131072
0.083625 read_return 56229888 131072
0.083625 read_enter 56360960 131072
0.083838 read_return 56360960 131072
0.083838 read_enter 56492032 131072
0.084043 read_return 56492032 131072
0.084043 read_enter 56623104 131072
0.084256 read_return 56623104 131072
0.084256 read_enter 56754176 131072
0.084452 read_return 56754176 131072
0.084452 read_enter 56885248 131072
0.084660 read_return 56885248 131072
0.084660 read_enter 57016320 131072
0.084860 read_return 57016320 131072
0.084860 read_enter 57147392 131072
0.085074 read_return 57147392 131072
0.085074 read_enter 57278464 131072
0.085279 read_return 57278464 131072
0.085279 read_enter 57409536 131072
0.085493 read_return 57409536 131072
0.085493 read_enter 57540608 131072
0.085720 read_return 57540608 131072
0.085720 read_enter 57671680 131072
0.085935 read_return 57671680 131072
0.085935 read_enter 57802752 131072
0.086179 read_return 57802752 131072
0.086179 read_enter 57933824 131072
0.086328 read_return 57933824 131072
0.086328 read_enter 58064896 131072
0.086568 read_return 58064896 131072
0.086568 read_enter 58195968 131072
0.086748 read_return 58195968 131072
0.086748 read_enter 58327040 131072
0.087038 read_return 58327040 131072
0.087038 read_enter 58458112 131072
0.087125 read_return 58458112 131072
0.087126 read_enter 58589184 131072
0.087434 read_return 58589184 131072
0.087434 read_enter 58720256 131072
0.087532 read_return 58720256 131072
0.087532 read_enter 58851328 131072
0.087797 read_return 58851328 131072
0.087797 read_enter 58982400 131072
0.087894 read_return 58982400 131072
0.087894 read_enter 59113472 131072
0.088154 read_return 59113472 131072
0.088154 read_enter 59244544 131072
0.088249 read_return 59244544 131072
0.088249 read_enter 59375616 131072
0.088500 read_return 59375616 131072
0.088500 read_enter 59506688 131072
0.088610 read_return 59506688 131072
0.088610 read_enter 59637760 131072
0.088853 read_return 59637760 131072
0.088853 read_enter 59768832 131072
0.089026 read_return 59768832 131072
0.089026 read_enter 59899904 131072
0.089233 read_return 59899904 131072
0.089233 read_enter 60030976 131072
0.089457 read_return 60030976 131072
0.089457 read_enter 60162048 131072
0.089621 read_return 60162048 131072
0.089621 read_enter 60293120 131072
0.089839 read_return 60293120 131072
0.089839 read_enter 60424192 131072
0.090038 read_return 60424192 131072
0.090038 read_enter 60555264 131072
0.090242 read_return 60555264 131072
0.090242 read_enter 60686336 131072
0.090457 read_return 60686336 131072
0.090457 read_enter 60817408 131072
0.090699 read_return 60817408 131072
0.090699 read_enter 60948480 131072
0.090928 read_return 60948480 131072
0.090929 read_enter 61079552 131072
0.091127 read_return 61079552 131072
0.091127 read_enter 61210624 131072
0.091266 read_return 61210624 131072
0.091267 read_enter 61341696 131072
0.091556 read_return 61341696 131072
0.091557 read_enter 61472768 131072
0.091637 read_return 61472768 131072
0.091638 read_enter 61603840 131072
0.091973 read_return 61603840 131072
0.091973 read_enter 61734912 131072
0.092124 read_return 61734912 131072
0.092124 read_enter 61865984 131072
0.092397 read_return 61865984 131072
0.092397 read_enter 61997056 131072
0.092476 read_return 61997056 131072
0.092476 read_enter 62128128 131072
0.092820 read_return 62128128 131072
0.092820 read_enter 62259200 131072
0.092897 read_return 62259200 131072
0.092897 read_enter 62390272 131072
0.093123 read_return 62390272 131072
0.093123 read_enter 62521344 131072
0.093307 read_return 62521344 131072
0.093307 read_enter 62652416 131072
0.093460 read_return 62652416 131072
0.093461 read_enter 62783488 131072
0.093653 read_return 62783488 131072
0.093653 read_enter 62914560 131072
0.093825 read_return 62914560 131072
0.093825 read_enter 63045632 131072
0.093988 read_return 63045632 131072
0.093988 read_enter 63176704 131072
0.094143 read_return 63176704 131072
0.094143 read_enter 63307776 131072
0.094365 read_return 63307776 131072
0.094366 read_enter 63438848 131072
0.094462 read_return 63438848 131072
0.094462 read_enter 63569920 131072
0.094759 read_return 63569920 131072
0.094759 read_enter 63700992 131072
0.094835 read_return 63700992 131072
0.094835 read_enter 63832064 131072
0.095241 read_return 63832064 131072
0.095241 read_enter 63963136 131072
0.095317 read_return 63963136 131072
0.095317 read_enter 64094208 131072
0.095633 read_return 64094208 131072
0.095633 read_enter 64225280 131072
0.095709 read_return 64225280 131072
0.095709 read_enter 64356352 131072
0.096123 read_return 64356352 131072
0.096124 read_enter 64487424 131072
0.096198 read_return 64487424 131072
0.096198 read_enter 64618496 131072
0.096513 read_return 64618496 131072
0.096513 read_enter 64749568 131072
0.096588 read_return 64749568 131072
0.096588 read_enter 64880640 131072
0.096893 read_return 64880640 131072
0.096893 read_enter 65011712 131072
0.096972 read_return 65011712 131072
0.096972 read_enter 65142784 131072
0.097201 read_return 65142784 131072
0.097201 read_enter 65273856 131072
0.097384 read_return 65273856 131072
0.097384 read_enter 65404928 131072
0.097651 read_return 65404928 131072
0.097651 read_enter 65536000 131072
0.097801 read_return 65536000 131072
0.097801 read_enter 65667072 131072
0.098039 read_return 65667072 131072
0.098039 read_enter 65798144 131072
0.098116 read_return 65798144 131072
0.098116 read_enter 65929216 131072
0.098335 read_return 65929216 131072
0.098335 read_enter 66060288 131072
0.098556 read_return 66060288 131072
0.098556 read_enter 66191360 131072
0.098741 read_return 66191360 131072
0.098741 read_enter 66322432 131072
0.098972 read_return 66322432 131072
0.098972 read_enter 66453504 131072
0.099117 read_return 66453504 131072
0.099117 read_enter 66584576 131072
0.099399 read_return 66584576 131072
0.099399 read_enter 66715648 131072
0.099477 read_return 66715648 131072
0.099477 read_enter 66846720 131072
0.099696 read_return 66846720 131072
0.099697 read_enter 66977792 131072
0.099881 read_return 66977792 131072
0.099881 read_enter 67108864 131072
0.100112 read_return 67108864 131072
0.100112 read_enter 67239936 131072
0.100260 read_return 67239936 131072
0.100260 read_enter 67371008 131072
0.100426 read_return 67371008 131072
0.100426 read_enter 67502080 131072
0.100572 read_return 67502080 131072
0.100572 read_enter 67633152 131072
0.100733 read_return 67633152 131072
0.100733 read_enter 67764224 131072
0.100884 read_return 67764224 131072
0.100884 read_enter 67895296 131072
0.101028 read_return 67895296 131072
0.101028 read_enter 68026368 131072
0.101176 read_return 68026368 131072
0.101176 read_enter 68157440 131072
0.101323 read_return 68157440 131072
0.101323 read_enter 68288512 131072
0.101482 read_return 68288512 131072
0.101482 read_enter 68419584 131072
0.101669 read_return 68419584 131072
0.101669 read_enter 68550656 131072
0.101887 read_return 68550656 131072
0.101887 read_enter 68681728 131072
0.102031 read_return 68681728 131072
0.102031 read_enter 68812800 131072
0.102200 read_return 68812800 131072
0.102200 read_enter 68943872 131072
0.102344 read_return 68943872 131072
0.102344 read_enter 69074944 131072
0.102536 read_return 69074944 131072
0.102536 read_enter 69206016 131072
0.102695 read_return 69206016 131072
0.102695 read_enter 69337088 131072
0.102931 read_return 69337088 131072
0.102931 read_enter 69468160 131072
0.103013 read_return 69468160 131072
0.103014 read_enter 69599232 131072
0.103279 read_return 69599232 131072
0.103279 read_enter 69730304 131072
0.103362 read_return 69730304 131072
0.103362 read_enter 69861376 131072
0.103597 read_return 69861376 131072
0.103597 read_enter 69992448 131072
0.103682 read_return 69992448 131072
0.103682 read_enter 70123520 131072
0.103958 read_return 70123520 131072
0.103958 read_enter 70254592 131072
0.104043 read_return 70254592 131072
0.104043 read_enter 70385664 131072
0.104271 read_return 70385664 131072
0.104271 read_enter 70516736 131072
0.104362 read_return 70516736 131072
0.104362 read_enter 70647808 131072
0.104579 read_return 70647808 131072
0.104579 read_enter 70778880 131072
0.104673 read_return 70778880 131072
0.104673 read_enter 70909952 131072
0.104898 read_return 70909952 131072
0.104898 read_enter 71041024 131072
0.105056 read_return 71041024 131072
0.105056 read_enter 71172096 131072
0.105215 read_return 71172096 131072
0.105216 read_enter 71303168 131072
0.105376 read_return 71303168 131072
0.105376 read_enter 71434240 131072
0.105561 read_return 71434240 131072
0.105561 read_enter 71565312 131072
0.105738 read_return 71565312 131072
0.105738 read_enter 71696384 131072
0.105942 read_return 71696384 131072
0.105943 read_enter 71827456 131072
0.106050 read_return 71827456 131072
0.106050 read_enter 71958528 131072
0.106261 read_return 71958528 131072
0.106262 read_enter 72089600 131072
0.106411 read_return 72089600 131072
0.106411 read_enter 72220672 131072
0.106604 read_return 72220672 131072
0.106604 read_enter 72351744 131072
0.106812 read_return 72351744 131072
0.106812 read_enter 72482816 131072
0.106908 read_return 72482816 131072
0.106908 read_enter 72613888 131072
0.107116 read_return 72613888 131072
0.107116 read_enter 72744960 131072
0.107268 read_return 72744960 131072
0.107268 read_enter 72876032 131072
0.107426 read_return 72876032 131072
0.107426 read_enter 73007104 131072
0.107586 read_return 73007104 131072
0.107586 read_enter 73138176 131072
0.107749 read_return 73138176 131072
0.107749 read_enter 73269248 131072
0.107967 read_return 73269248 131072
0.107967 read_enter 73400320 131072
0.108117 read_return 73400320 131072
0.108117 read_enter 73531392 131072
0.108284 read_return 73531392 131072
0.108285 read_enter 73662464 131072
0.108432 read_return 73662464 131072
0.108432 read_enter 73793536 131072
0.108626 read_return 73793536 131072
0.108626 read_enter 73924608 131072
0.108775 read_return 73924608 131072
0.108775 read_enter 74055680 131072
0.108966 read_return 74055680 131072
0.108966 read_enter 74186752 131072
0.109123 read_return 74186752 131072
0.109123 read_enter 74317824 131072
0.109298 read_return 74317824 131072
0.109298 read_enter 74448896 131072
0.109466 read_return 74448896 131072
0.109466 read_enter 74579968 131072
0.109626 read_return 74579968 131072
0.109626 read_enter 74711040 131072
0.109808 read_return 74711040 131072
0.109808 read_enter 74842112 131072
0.109958 read_return 74842112 131072
0.109958 read_enter 74973184 131072
0.110168 read_return 74973184 131072
0.110168 read_enter 75104256 131072
0.110357 read_return 75104256 131072
0.110358 read_enter 75235328 131072
0.110537 read_return 75235328 131072
0.110537 read_enter 75366400 131072
0.110716 read_return 75366400 131072
0.110717 read_enter 75497472 131072
0.110900 read_return 75497472 131072
0.110900 read_enter 75628544 131072
0.111095 read_return 75628544 131072
0.111095 read_enter 75759616 131072
0.111268 read_return 75759616 131072
0.111268 read_enter 75890688 131072
0.111451 read_return 75890688 131072
0.111451 read_enter 76021760 131072
0.111666 read_return 76021760 131072
0.111667 read_enter 76152832 131072
0.111823 read_return 76152832 131072
0.111823 read_enter 76283904 131072
0.112063 read_return 76283904 131072
0.112063 read_enter 76414976 131072
0.112167 read_return 76414976 131072
0.112167 read_enter 76546048 131072
0.112383 read_return 76546048 131072
0.112383 read_enter 76677120 131072
0.112562 read_return 76677120 131072
0.112562 read_enter 76808192 131072
0.112722 read_return 76808192 131072
0.112723 read_enter 76939264 131072
0.112937 read_return 76939264 131072
0.112937 read_enter 77070336 131072
0.113112 read_return 77070336 131072
0.113112 read_enter 77201408 131072
0.113287 read_return 77201408 131072
0.113287 read_enter 77332480 131072
0.113473 read_return 77332480 131072
0.113473 read_enter 77463552 131072
0.113649 read_return 77463552 131072
0.113650 read_enter 77594624 131072
0.113827 read_return 77594624 131072
0.113827 read_enter 77725696 131072
0.114014 read_return 77725696 131072
0.114015 read_enter 77856768 131072
0.114209 read_return 77856768 131072
0.114209 read_enter 77987840 131072
0.114403 read_return 77987840 131072
0.114403 read_enter 78118912 131072
0.114575 read_return 78118912 131072
0.114575 read_enter 78249984 131072
0.114764 read_return 78249984 131072
0.114764 read_enter 78381056 131072
0.114941 read_return 78381056 131072
0.114941 read_enter 78512128 131072
0.115160 read_return 78512128 131072
0.115160 read_enter 78643200 131072
0.115325 read_return 78643200 131072
0.115325 read_enter 78774272 131072
0.115551 read_return 78774272 131072
0.115551 read_enter 78905344 131072
0.115616 read_return 78905344 131072
0.115616 read_enter 79036416 131072
0.115892 read_return 79036416 131072
0.115892 read_enter 79167488 131072
0.115955 read_return 79167488 131072
0.115955 read_enter 79298560 131072
0.116197 read_return 79298560 131072
0.116197 read_enter 79429632 131072
0.116291 read_return 79429632 131072
0.116291 read_enter 79560704 131072
0.116542 read_return 79560704 131072
0.116542 read_enter 79691776 131072
0.116603 read_return 79691776 131072
0.116603 read_enter 79822848 131072
0.116862 read_return 79822848 131072
0.116862 read_enter 79953920 131072
0.116988 read_return 79953920 131072
0.116988 read_enter 80084992 131072
0.117189 read_return 80084992 131072
0.117189 read_enter 80216064 131072
0.117405 read_return 80216064 131072
0.117406 read_enter 80347136 131072
0.117652 read_return 80347136 131072
0.117652 read_enter 80478208 131072
0.117716 read_return 80478208 131072
0.117716 read_enter 80609280 131072
0.117972 read_return 80609280 131072
0.117972 read_enter 80740352 131072
0.118109 read_return 80740352 131072
0.118109 read_enter 80871424 131072
0.118325 read_return 80871424 131072
0.118325 read_enter 81002496 131072
0.118473 read_return 81002496 131072
0.118473 read_enter 81133568 131072
0.118671 read_return 81133568 131072
0.118671 read_enter 81264640 131072
0.118868 read_return 81264640 131072
0.118868 read_enter 81395712 131072
0.119077 read_return 81395712 131072
0.119077 read_enter 81526784 131072
0.119255 read_return 81526784 131072
0.119255 read_enter 81657856 131072
0.119443 read_return 81657856 131072
0.119443 read_enter 81788928 131072
0.119622 read_return 81788928 131072
0.119622 read_enter 81920000 131072
0.119796 read_return 81920000 131072
0.119796 read_enter 82051072 131072
0.119971 read_return 82051072 131072
0.119971 read_enter 82182144 131072
0.120166 read_return 82182144 131072
0.120166 read_enter 82313216 131072
0.120341 read_return 82313216 131072
0.120341 read_enter 82444288 131072
0.120512 read_return 82444288 131072
0.120512 read_enter 82575360 131072
0.120721 read_return 82575360 131072
0.120721 read_enter 82706432 131072
0.120879 read_return 82706432 131072
0.120879 read_enter 82837504 131072
0.121063 read_return 82837504 131072
0.121063 read_enter 82968576 131072
0.121245 read_return 82968576 131072
0.121245 read_enter 83099648 131072
0.121428 read_return 83099648 131072
0.121428 read_enter 83230720 131072
0.121609 read_return 83230720 131072
0.121609 read_enter 83361792 131072
0.121821 read_return 83361792 131072
0.121821 read_enter 83492864 131072
0.121941 read_return 83492864 131072
0.121941 read_enter 83623936 131072
0.122125 read_return 83623936 131072
0.122125 read_enter 83755008 131072
0.122312 read_return 83755008 131072
0.122312 read_enter 83886080 131072
0.122505 read_return 83886080 131072
0.122505 read_enter 84017152 131072
0.122657 read_return 84017152 131072
0.122657 read_enter 84148224 131072
0.122836 read_return 84148224 131072
0.122836 read_enter 84279296 131072
0.123013 read_return 84279296 131072
0.123013 read_enter 84410368 131072
0.123196 read_return 84410368 131072
0.123196 read_enter 84541440 131072
0.123408 read_return 84541440 131072
0.123408 read_enter 84672512 131072
0.123479 read_return 84672512 131072
0.123479 read_enter 84803584 131072
0.123708 read_return 84803584 131072
0.123708 read_enter 84934656 131072
0.123857 read_return 84934656 131072
0.123857 read_enter 85065728 131072
0.124028 read_return 85065728 131072
0.124028 read_enter 85196800 131072
0.124247 read_return 85196800 131072
0.124247 read_enter 85327872 131072
0.124316 read_return 85327872 131072
0.124316 read_enter 85458944 131072
0.124551 read_return 85458944 131072
0.124551 read_enter 85590016 131072
0.124619 read_return 85590016 131072
0.124619 read_enter 85721088 131072
0.124867 read_return 85721088 131072
0.124867 read_enter 85852160 131072
0.124933 read_return 85852160 131072
0.124933 read_enter 85983232 131072
0.125178 read_return 85983232 131072
0.125178 read_enter 86114304 131072
0.125313 read_return 86114304 131072
0.125313 read_enter 86245376 131072
0.125513 read_return 86245376 131072
0.125513 read_enter 86376448 131072
0.125709 read_return 86376448 131072
0.125709 read_enter 86507520 131072
0.125921 read_return 86507520 131072
0.125922 read_enter 86638592 131072
0.126029 read_return 86638592 131072
0.126029 read_enter 86769664 131072
0.126271 read_return 86769664 131072
0.126271 read_enter 86900736 131072
0.126390 read_return 86900736 131072
0.126390 read_enter 87031808 131072
0.126591 read_return 87031808 131072
0.126591 read_enter 87162880 131072
0.126771 read_return 87162880 131072
0.126771 read_enter 87293952 131072
0.126946 read_return 87293952 131072
0.126946 read_enter 87425024 131072
0.127155 read_return 87425024 131072
0.127155 read_enter 87556096 131072
0.127284 read_return 87556096 131072
0.127284 read_enter 87687168 131072
0.127469 read_return 87687168 131072
0.127469 read_enter 87818240 131072
0.127650 read_return 87818240 131072
0.127650 read_enter 87949312 131072
0.127821 read_return 87949312 131072
0.127821 read_enter 88080384 131072
0.128001 read_return 88080384 131072
0.128001 read_enter 88211456 131072
0.128179 read_return 88211456 131072
0.128179 read_enter 88342528 131072
0.128363 read_return 88342528 131072
0.128363 read_enter 88473600 131072
0.128562 read_return 88473600 131072
0.128562 read_enter 88604672 131072
0.128718 read_return 88604672 131072
0.128718 read_enter 88735744 131072
0.128893 read_return 88735744 131072
0.128893 read_enter 88866816 131072
0.129109 read_return 88866816 131072
0.129109 read_enter 88997888 131072
0.129179 read_return 88997888 131072
0.129179 read_enter 89128960 131072
0.129419 read_return 89128960 131072
0.129419 read_enter 89260032 131072
0.129484 read_return 89260032 131072
0.129485 read_enter 89391104 131072
0.129738 read_return 89391104 131072
0.129738 read_enter 89522176 131072
0.129808 read_return 89522176 131072
0.129808 read_enter 89653248 131072
0.130043 read_return 89653248 131072
0.130043 read_enter 89784320 131072
0.130112 read_return 89784320 131072
0.130112 read_enter 89915392 131072
0.130367 read_return 89915392 131072
0.130367 read_enter 90046464 131072
0.130436 read_return 90046464 131072
0.130436 read_enter 90177536 131072
0.130671 read_return 90177536 131072
0.130671 read_enter 90308608 131072
0.130822 read_return 90308608 131072
0.130823 read_enter 90439680 131072
0.130984 read_return 90439680 131072
0.130984 read_enter 90570752 131072
0.131169 read_return 90570752 131072
0.131169 read_enter 90701824 131072
0.131350 read_return 90701824 131072
0.131350 read_enter 90832896 131072
0.131531 read_return 90832896 131072
0.131532 read_enter 90963968 131072
0.131700 read_return 90963968 131072
0.131700 read_enter 91095040 131072
0.131878 read_return 91095040 131072
0.131878 read_enter 91226112 131072
0.132054 read_return 91226112 131072
0.132054 read_enter 91357184 131072
0.132223 read_return 91357184 131072
0.132223 read_enter 91488256 131072
0.132420 read_return 91488256 131072
0.132420 read_enter 91619328 131072
0.132603 read_return 91619328 131072
0.132603 read_enter 91750400 131072
0.132777 read_return 91750400 131072
0.132777 read_enter 91881472 131072
0.132949 read_return 91881472 131072
0.132949 read_enter 92012544 131072
0.133134 read_return 92012544 131072
0.133134 read_enter 92143616 131072
0.133306 read_return 92143616 131072
0.133306 read_enter 92274688 131072
0.133503 read_return 92274688 131072
0.133503 read_enter 92405760 131072
0.133715 read_return 92405760 131072
0.133715 read_enter 92536832 131072
0.133886 read_return 92536832 131072
0.133886 read_enter 92667904 131072
0.134076 read_return 92667904 131072
0.134077 read_enter 92798976 131072
0.134263 read_return 92798976 131072
0.134263 read_enter 92930048 131072
0.134422 read_return 92930048 131072
0.134422 read_enter 93061120 131072
0.134625 read_return 93061120 131072
0.134625 read_enter 93192192 131072
0.134802 read_return 93192192 131072
0.134802 read_enter 93323264 131072
0.134972 read_return 93323264 131072
0.134972 read_enter 93454336 131072
0.135170 read_return 93454336 131072
0.135170 read_enter 93585408 131072
0.135334 read_return 93585408 131072
0.135334 read_enter 93716480 131072
0.135516 read_return 93716480 131072
0.135516 read_enter 93847552 131072
0.135687 read_return 93847552 131072
0.135687 read_enter 93978624 131072
0.135857 read_return 93978624 131072
0.135857 read_enter 94109696 131072
0.136038 read_return 94109696 131072
0.136038 read_enter 94240768 131072
0.136214 read_return 94240768 131072
0.136214 read_enter 94371840 131072
0.136388 read_return 94371840 131072
0.136388 read_enter 94502912 131072
0.136555 read_return 94502912 131072
0.136555 read_enter 94633984 131072
0.136737 read_return 94633984 131072
0.136737 read_enter 94765056 131072
0.136904 read_return 94765056 131072
0.136905 read_enter 94896128 131072
0.137092 read_return 94896128 131072
0.137092 read_enter 95027200 131072
0.137273 read_return 95027200 131072
0.137273 read_enter 95158272 131072
0.137463 read_return 95158272 131072
0.137463 read_enter 95289344 131072
0.137669 read_return 95289344 131072
0.137669 read_enter 95420416 131072
0.137841 read_return 95420416 131072
0.137841 read_enter 95551488 131072
0.138031 read_return 95551488 131072
0.138031 read_enter 95682560 131072
0.138229 read_return 95682560 131072
0.138229 read_enter 95813632 131072
0.138406 read_return 95813632 131072
0.138407 read_enter 95944704 131072
0.138605 read_return 95944704 131072
0.138605 read_enter 96075776 131072
0.138773 read_return 96075776 131072
0.138773 read_enter 96206848 131072
0.138992 read_return 96206848 131072
0.138992 read_enter 96337920 131072
0.139075 read_return 96337920 131072
0.139075 read_enter 96468992 131072
0.139292 read_return 96468992 131072
0.139292 read_enter 96600064 131072
0.139365 read_return 96600064 131072
0.139365 read_enter 96731136 131072
0.139582 read_return 96731136 131072
0.139582 read_enter 96862208 131072
0.139660 read_return 96862208 131072
0.139660 read_enter 96993280 131072
0.139878 read_return 96993280 131072
0.139878 read_enter 97124352 131072
0.139955 read_return 97124352 131072
0.139955 read_enter 97255424 131072
0.140236 read_return 97255424 131072
0.140236 read_enter 97386496 131072
0.140306 read_return 97386496 131072
0.140307 read_enter 97517568 131072
0.140537 read_return 97517568 131072
0.140537 read_enter 97648640 131072
0.140614 read_return 97648640 131072
0.140614 read_enter 97779712 131072
0.140856 read_return 97779712 131072
0.140856 read_enter 97910784 131072
0.140927 read_return 97910784 131072
0.140927 read_enter 98041856 131072
0.141234 read_return 98041856 131072
0.141234 read_enter 98172928 131072
0.141315 read_return 98172928 131072
0.141315 read_enter 98304000 131072
0.141630 read_return 98304000 131072
0.141630 read_enter 98435072 131072
0.141715 read_return 98435072 131072
0.141715 read_enter 98566144 131072
0.141965 read_return 98566144 131072
0.141965 read_enter 98697216 131072
0.142040 read_return 98697216 131072
0.142040 read_enter 98828288 131072
0.142291 read_return 98828288 131072
0.142291 read_enter 98959360 131072
0.142365 read_return 98959360 131072
0.142366 read_enter 99090432 131072
0.142610 read_return 99090432 131072
0.142610 read_enter 99221504 131072
0.142696 read_return 99221504 131072
0.142696 read_enter 99352576 131072
0.143222 read_return 99352576 131072
0.143222 read_enter 99483648 131072
0.143296 read_return 99483648 131072
0.143296 read_enter 99614720 131072
0.143553 read_return 99614720 131072
0.143553 read_enter 99745792 131072
0.143628 read_return 99745792 131072
0.143628 read_enter 99876864 131072
0.143869 read_return 99876864 131072
0.143869 read_enter 100007936 131072
0.143974 read_return 100007936 131072
0.143974 read_enter 100139008 131072
0.144205 read_return 100139008 131072
0.144205 read_enter 100270080 131072
0.144395 read_return 100270080 131072
0.144395 read_enter 100401152 131072
0.144569 read_return 100401152 131072
0.144569 read_enter 100532224 131072
0.144741 read_return 100532224 131072
0.144741 read_enter 100663296 131072
0.144918 read_return 100663296 131072
0.144918 read_enter 100794368 131072
0.145089 read_return 100794368 131072
0.145089 read_enter 100925440 131072
0.145276 read_return 100925440 131072
0.145276 read_enter 101056512 131072
0.145439 read_return 101056512 131072
0.145439 read_enter 101187584 131072
0.145641 read_return 101187584 131072
0.145641 read_enter 101318656 131072
0.145823 read_return 101318656 131072
0.145823 read_enter 101449728 131072
0.146001 read_return 101449728 131072
0.146001 read_enter 101580800 131072
0.146229 read_return 101580800 131072
0.146229 read_enter 101711872 131072
0.146396 read_return 101711872 131072
0.146396 read_enter 101842944 131072
0.146584 read_return 101842944 131072
0.146584 read_enter 101974016 131072
0.146751 read_return 101974016 131072
0.146751 read_enter 102105088 131072
0.146943 read_return 102105088 131072
0.146943 read_enter 102236160 131072
0.147119 read_return 102236160 131072
0.147119 read_enter 102367232 131072
0.147320 read_return 102367232 131072
0.147320 read_enter 102498304 131072
0.147494 read_return 102498304 131072
0.147494 read_enter 102629376 131072
0.147663 read_return 102629376 131072
0.147663 read_enter 102760448 131072
0.147852 read_return 102760448 131072
0.147852 read_enter 102891520 131072
0.148027 read_return 102891520 131072
0.148027 read_enter 103022592 131072
0.148220 read_return 103022592 131072
0.148220 read_enter 103153664 131072
0.148391 read_return 103153664 131072
0.148391 read_enter 103284736 131072
0.148576 read_return 103284736 131072
0.148576 read_enter 103415808 131072
0.148752 read_return 103415808 131072
0.148753 read_enter 103546880 131072
0.148945 read_return 103546880 131072
0.148945 read_enter 103677952 131072
0.149121 read_return 103677952 131072
0.149121 read_enter 103809024 131072
0.149302 read_return 103809024 131072
0.149303 read_enter 103940096 131072
0.149482 read_return 103940096 131072
0.149483 read_enter 104071168 131072
0.149673 read_return 104071168 131072
0.149673 read_enter 104202240 131072
0.149874 read_return 104202240 131072
0.149874 read_enter 104333312 131072
0.150050 read_return 104333312 131072
0.150050 read_enter 104464384 131072
0.150229 read_return 104464384 131072
0.150229 read_enter 104595456 131072
0.150408 read_return 104595456 131072
0.150408 read_enter 104726528 131072
0.150576 read_return 104726528 131072
0.150576 read_enter 104857600 131072
0.150764 read_return 104857600 131072
0.150764 read_enter 104988672 131072
0.150945 read_return 104988672 131072
0.150945 read_enter 105119744 131072
0.151130 read_return 105119744 131072
0.151130 read_enter 105250816 131072
0.151308 read_return 105250816 131072
0.151308 read_enter 105381888 131072
0.151495 read_return 105381888 131072
0.151495 read_enter 105512960 131072
0.151663 read_return 105512960 131072
0.151663 read_enter 105644032 131072
0.151866 read_return 105644032 131072
0.151867 read_enter 105775104 131072
0.152043 read_return 105775104 131072
0.152043 read_enter 105906176 131072
0.152220 read_return 105906176 131072
0.152220 read_enter 106037248 131072
0.152432 read_return 106037248 131072
0.152432 read_enter 106168320 131072
0.152636 read_return 106168320 131072
0.152636 read_enter 106299392 131072
0.152822 read_return 106299392 131072
0.152822 read_enter 106430464 131072
0.153056 read_return 106430464 131072
0.153056 read_enter 106561536 131072
0.153265 read_return 106561536 131072
0.153265 read_enter 106692608 131072
0.153516 read_return 106692608 131072
0.153516 read_enter 106823680 131072
0.153601 read_return 106823680 131072
0.153601 read_enter 106954752 131072
0.153837 read_return 106954752 131072
0.153837 read_enter 107085824 131072
0.153919 read_return 107085824 131072
0.153919 read_enter 107216896 131072
0.154161 read_return 107216896 131072
0.154161 read_enter 107347968 131072
0.154249 read_return 107347968 131072
0.154249 read_enter 107479040 131072
0.154487 read_return 107479040 131072
0.154487 read_enter 107610112 131072
0.154566 read_return 107610112 131072
0.154566 read_enter 107741184 131072
0.154801 read_return 107741184 131072
0.154801 read_enter 107872256 131072
0.154884 read_return 107872256 131072
0.154884 read_enter 108003328 131072
0.155131 read_return 108003328 131072
0.155131 read_enter 108134400 131072
0.155206 read_return 108134400 131072
0.155206 read_enter 108265472 131072
0.155442 read_return 108265472 131072
0.155442 read_enter 108396544 131072
0.155526 read_return 108396544 131072
0.155526 read_enter 108527616 131072
0.155753 read_return 108527616 131072
0.155753 read_enter 108658688 131072
0.155837 read_return 108658688 131072
0.155837 read_enter 108789760 131072
0.156077 read_return 108789760 131072
0.156077 read_enter 108920832 131072
0.156272 read_return 108920832 131072
0.156272 read_enter 109051904 131072
0.156485 read_return 109051904 131072
0.156485 read_enter 109182976 131072
0.156674 read_return 109182976 131072
0.156674 read_enter 109314048 131072
0.156879 read_return 109314048 131072
0.156879 read_enter 109445120 131072
0.157068 read_return 109445120 131072
0.157068 read_enter 109576192 131072
0.157254 read_return 109576192 131072
0.157255 read_enter 109707264 131072
0.157425 read_return 109707264 131072
0.157425 read_enter 109838336 131072
0.157618 read_return 109838336 131072
0.157618 read_enter 109969408 131072
0.157807 read_return 109969408 131072
0.157807 read_enter 110100480 131072
0.158003 read_return 110100480 131072
0.158003 read_enter 110231552 131072
0.158184 read_return 110231552 131072
0.158184 read_enter 110362624 131072
0.158357 read_return 110362624 131072
0.158357 read_enter 110493696 131072
0.158533 read_return 110493696 131072
0.158533 read_enter 110624768 131072
0.158704 read_return 110624768 131072
0.158704 read_enter 110755840 131072
0.158901 read_return 110755840 131072
0.158901 read_enter 110886912 131072
0.159073 read_return 110886912 131072
0.159073 read_enter 111017984 131072
0.159253 read_return 111017984 131072
0.159253 read_enter 111149056 131072
0.159436 read_return 111149056 131072
0.159436 read_enter 111280128 131072
0.159607 read_return 111280128 131072
0.159607 read_enter 111411200 131072
0.159806 read_return 111411200 131072
0.159806 read_enter 111542272 131072
0.159977 read_return 111542272 131072
0.159977 read_enter 111673344 131072
0.160166 read_return 111673344 131072
0.160166 read_enter 111804416 131072
0.160333 read_return 111804416 131072
0.160333 read_enter 111935488 131072
0.160515 read_return 111935488 131072
0.160515 read_enter 112066560 131072
0.160715 read_return 112066560 131072
0.160715 read_enter 112197632 131072
0.160846 read_return 112197632 131072
0.160846 read_enter 112328704 131072
0.161035 read_return 112328704 131072
0.161035 read_enter 112459776 131072
0.161215 read_return 112459776 131072
0.161215 read_enter 112590848 131072
0.161402 read_return 112590848 131072
0.161402 read_enter 112721920 131072
0.161605 read_return 112721920 131072
0.161605 read_enter 112852992 131072
0.161750 read_return 112852992 131072
0.161750 read_enter 112984064 131072
0.161954 read_return 112984064 131072
0.161955 read_enter 113115136 131072
0.162137 read_return 113115136 131072
0.162137 read_enter 113246208 131072
0.162344 read_return 113246208 131072
0.162344 read_enter 113377280 131072
0.162559 read_return 113377280 131072
0.162559 read_enter 113508352 131072
0.162737 read_return 113508352 131072
0.162737 read_enter 113639424 131072
0.162924 read_return 113639424 131072
0.162924 read_enter 113770496 131072
0.163116 read_return 113770496 131072
0.163116 read_enter 113901568 131072
0.163331 read_return 113901568 131072
0.163331 read_enter 114032640 131072
0.163501 read_return 114032640 131072
0.163501 read_enter 114163712 131072
0.163679 read_return 114163712 131072
0.163679 read_enter 114294784 131072
0.163874 read_return 114294784 131072
0.163874 read_enter 114425856 131072
0.164081 read_return 114425856 131072
0.164081 read_enter 114556928 131072
0.164248 read_return 114556928 131072
0.164248 read_enter 114688000 131072
0.164478 read_return 114688000 131072
0.164478 read_enter 114819072 131072
0.164690 read_return 114819072 131072
0.164690 read_enter 114950144 131072
0.164884 read_return 114950144 131072
0.164884 read_enter 115081216 131072
0.165072 read_return 115081216 131072
0.165072 read_enter 115212288 131072
0.165248 read_return 115212288 131072
0.165248 read_enter 115343360 131072
0.165483 read_return 115343360 131072
0.165483 read_enter 115474432 131072
0.165660 read_return 115474432 131072
0.165660 read_enter 115605504 131072
0.165839 read_return 115605504 131072
0.165839 read_enter 115736576 131072
0.166057 read_return 115736576 131072
0.166057 read_enter 115867648 131072
0.166255 read_return 115867648 131072
0.166255 read_enter 115998720 131072
0.166471 read_return 115998720 131072
0.166471 read_enter 116129792 131072
0.166658 read_return 116129792 131072
0.166658 read_enter 116260864 131072
0.166869 read_return 116260864 131072
0.166869 read_enter 116391936 131072
0.167106 read_return 116391936 131072
0.167106 read_enter 116523008 131072
0.167215 read_return 116523008 131072
0.167215 read_enter 116654080 131072
0.167440 read_return 116654080 131072
0.167440 read_enter 116785152 131072
0.167614 read_return 116785152 131072
0.167615 read_enter 116916224 131072
0.167800 read_return 116916224 131072
0.167800 read_enter 117047296 131072
0.168028 read_return 117047296 131072
0.168028 read_enter 117178368 131072
0.168201 read_return 117178368 131072
0.168201 read_enter 117309440 131072
0.168388 read_return 117309440 131072
0.168388 read_enter 117440512 131072
0.168578 read_return 117440512 131072
0.168578 read_enter 117571584 131072
0.168746 read_return 117571584 131072
0.168746 read_enter 117702656 131072
0.168923 read_return 117702656 131072
0.168924 read_enter 117833728 131072
0.169110 read_return 117833728 131072
0.169110 read_enter 117964800 131072
0.169294 read_return 117964800 131072
0.169294 read_enter 118095872 131072
0.169479 read_return 118095872 131072
0.169479 read_enter 118226944 131072
0.169672 read_return 118226944 131072
0.169672 read_enter 118358016 131072
0.169852 read_return 118358016 131072
0.169852 read_enter 118489088 131072
0.170030 read_return 118489088 131072
0.170030 read_enter 118620160 131072
0.170208 read_return 118620160 131072
0.170208 read_enter 118751232 131072
0.170384 read_return 118751232 131072
0.170384 read_enter 118882304 131072
0.170570 read_return 118882304 131072
0.170570 read_enter 119013376 131072
0.170747 read_return 119013376 131072
0.170747 read_enter 119144448 131072
0.170942 read_return 119144448 131072
0.170942 read_enter 119275520 131072
0.171121 read_return 119275520 131072
0.171121 read_enter 119406592 131072
0.171299 read_return 119406592 131072
0.171299 read_enter 119537664 131072
0.171494 read_return 119537664 131072
0.171494 read_enter 119668736 131072
0.171695 read_return 119668736 131072
0.171695 read_enter 119799808 131072
0.171902 read_return 119799808 131072
0.171902 read_enter 119930880 131072
0.172089 read_return 119930880 131072
0.172090 read_enter 120061952 131072
0.172293 read_return 120061952 131072
0.172294 read_enter 120193024 131072
0.172440 read_return 120193024 131072
0.172440 read_enter 120324096 131072
0.172632 read_return 120324096 131072
0.172632 read_enter 120455168 131072
0.172841 read_return 120455168 131072
0.172841 read_enter 120586240 131072
0.173022 read_return 120586240 131072
0.173023 read_enter 120717312 131072
0.173199 read_return 120717312 131072
0.173200 read_enter 120848384 131072
0.173373 read_return 120848384 131072
0.173373 read_enter 120979456 131072
0.173623 read_return 120979456 131072
0.173623 read_enter 121110528 131072
0.173771 read_return 121110528 131072
0.173771 read_enter 121241600 131072
0.174002 read_return 121241600 131072
0.174002 read_enter 121372672 131072
0.174235 read_return 121372672 131072
0.174235 read_enter 121503744 131072
0.174455 read_return 121503744 131072
0.174455 read_enter 121634816 131072
0.174636 read_return 121634816 131072
0.174636 read_enter 121765888 131072
0.174813 read_return 121765888 131072
0.174813 read_enter 121896960 131072
0.175028 read_return 121896960 131072
0.175028 read_enter 122028032 131072
0.175203 read_return 122028032 131072
0.175203 read_enter 122159104 131072
0.175392 read_return 122159104 131072
0.175392 read_enter 122290176 131072
0.175594 read_return 122290176 131072
0.175594 read_enter 122421248 131072
0.175787 read_return 122421248 131072
0.175787 read_enter 122552320 131072
0.175976 read_return 122552320 131072
0.175976 read_enter 122683392 131072
0.176131 read_return 122683392 131072
0.176131 read_enter 122814464 131072
0.176348 read_return 122814464 131072
0.176349 read_enter 122945536 131072
0.176566 read_return 122945536 131072
0.176566 read_enter 123076608 131072
0.176797 read_return 123076608 131072
0.176798 read_enter 123207680 131072
0.177001 read_return 123207680 131072
0.177001 read_enter 123338752 131072
0.177179 read_return 123338752 131072
0.177179 read_enter 123469824 131072
0.177390 read_return 123469824 131072
0.177390 read_enter 123600896 131072
0.177605 read_return 123600896 131072
0.177605 read_enter 123731968 131072
0.177791 read_return 123731968 131072
0.177791 read_enter 123863040 131072
0.177967 read_return 123863040 131072
0.177967 read_enter 123994112 131072
0.178150 read_return 123994112 131072
0.178151 read_enter 124125184 131072
0.178355 read_return 124125184 131072
0.178355 read_enter 124256256 131072
0.178545 read_return 124256256 131072
0.178545 read_enter 124387328 131072
0.178718 read_return 124387328 131072
0.178718 read_enter 124518400 131072
0.178911 read_return 124518400 131072
0.178911 read_enter 124649472 131072
0.179092 read_return 124649472 131072
0.179092 read_enter 124780544 131072
0.179277 read_return 124780544 131072
0.179277 read_enter 124911616 131072
0.179463 read_return 124911616 131072
0.179463 read_enter 125042688 131072
0.179637 read_return 125042688 131072
0.179637 read_enter 125173760 131072
0.179827 read_return 125173760 131072
0.179827 read_enter 125304832 131072
0.180006 read_return 125304832 131072
0.180006 read_enter 125435904 131072
0.180185 read_return 125435904 131072
0.180185 read_enter 125566976 131072
0.180393 read_return 125566976 131072
0.180393 read_enter 125698048 131072
0.180593 read_return 125698048 131072
0.180593 read_enter 125829120 131072
0.180782 read_return 125829120 131072
0.180782 read_enter 125960192 131072
0.180967 read_return 125960192 131072
0.180967 read_enter 126091264 131072
0.181153 read_return 126091264 131072
0.181153 read_enter 126222336 131072
0.181340 read_return 126222336 131072
0.181340 read_enter 126353408 131072
0.181522 read_return 126353408 131072
0.181522 read_enter 126484480 131072
0.181804 read_return 126484480 131072
0.181805 read_enter 126615552 131072
0.182004 read_return 126615552 131072
0.182004 read_enter 126746624 131072
0.182212 read_return 126746624 131072
0.182212 read_enter 126877696 131072
0.182415 read_return 126877696 131072
0.182415 read_enter 127008768 131072
0.182623 read_return 127008768 131072
0.182623 read_enter 127139840 131072
0.182822 read_return 127139840 131072
0.182822 read_enter 127270912 131072
0.183027 read_return 127270912 131072
0.183027 read_enter 127401984 131072
0.183189 read_return 127401984 131072
0.183190 read_enter 127533056 131072
0.183385 read_return 127533056 131072
0.183385 read_enter 127664128 131072
0.183579 read_return 127664128 131072
0.183579 read_enter 127795200 131072
0.183769 read_return 127795200 131072
0.183769 read_enter 127926272 131072
0.183972 read_return 127926272 131072
0.183972 read_enter 128057344 131072
0.184156 read_return 128057344 131072
0.184156 read_enter 128188416 131072
0.184347 read_return 128188416 131072
0.184347 read_enter 128319488 131072
0.184533 read_return 128319488 131072
0.184534 read_enter 128450560 131072
0.184726 read_return 128450560 131072
0.184726 read_enter 128581632 131072
0.184916 read_return 128581632 131072
0.184916 read_enter 128712704 131072
0.185114 read_return 128712704 131072
0.185114 read_enter 128843776 131072
0.185310 read_return 128843776 131072
0.185310 read_enter 128974848 131072
0.185506 read_return 128974848 131072
0.185506 read_enter 129105920 131072
0.185720 read_return 129105920 131072
0.185720 read_enter 129236992 131072
0.185911 read_return 129236992 131072
0.185911 read_enter 129368064 131072
0.186098 read_return 129368064 131072
0.186098 read_enter 129499136 131072
0.186277 read_return 129499136 131072
0.186278 read_enter 129630208 131072
0.186483 read_return 129630208 131072
0.186483 read_enter 129761280 131072
0.186680 read_return 129761280 131072
0.186680 read_enter 129892352 131072
0.186872 read_return 129892352 131072
0.186872 read_enter 130023424 131072
0.187066 read_return 130023424 131072
0.187066 read_enter 130154496 131072
0.187243 read_return 130154496 131072
0.187243 read_enter 130285568 131072
0.187435 read_return 130285568 131072
0.187436 read_enter 130416640 131072
0.187637 read_return 130416640 131072
0.187637 read_enter 130547712 131072
0.187826 read_return 130547712 131072
0.187827 read_enter 130678784 131072
0.188010 read_return 130678784 131072
0.188010 read_enter 130809856 131072
0.188204 read_return 130809856 131072
0.188204 read_enter 130940928 131072
0.188398 read_return 130940928 131072
0.188398 read_enter 131072000 131072
0.188588 read_return 131072000 131072
0.188588 read_enter 131203072 131072
0.188777 read_return 131203072 131072
0.188778 read_enter 131334144 131072
0.188964 read_return 131334144 131072
0.188964 read_enter 131465216 131072
0.189152 read_return 131465216 131072
0.189152 read_enter 131596288 131072
0.189347 read_return 131596288 131072
0.189347 read_enter 131727360 131072
0.189530 read_return 131727360 131072
0.189530 read_enter 131858432 131072
0.189742 read_return 131858432 131072
0.189742 read_enter 131989504 131072
0.189932 read_return 131989504 131072
0.189932 read_enter 132120576 131072
0.190120 read_return 132120576 131072
0.190120 read_enter 132251648 131072
0.190314 read_return 132251648 131072
0.190314 read_enter 132382720 131072
0.190488 read_return 132382720 131072
0.190488 read_enter 132513792 131072
0.190695 read_return 132513792 131072
0.190695 read_enter 132644864 131072
0.190887 read_return 132644864 131072
0.190887 read_enter 132775936 131072
0.191076 read_return 132775936 131072
0.191076 read_enter 132907008 131072
0.191248 read_return 132907008 131072
0.191248 read_enter 133038080 131072
0.191405 read_return 133038080 131072
0.191405 read_enter 133169152 131072
0.191552 read_return 133169152 131072
0.191552 read_enter 133300224 131072
0.191704 read_return 133300224 131072
0.191704 read_enter 133431296 131072
0.191863 read_return 133431296 131072
0.191864 read_enter 133562368 131072
0.191991 read_return 133562368 131072
0.191992 read_enter 133693440 131072
0.192139 read_return 133693440 131072
0.192139 read_enter 133824512 131072
0.192295 read_return 133824512 131072
0.192295 read_enter 133955584 131072
0.192442 read_return 133955584 131072
0.192442 read_enter 134086656 131072
0.192588 read_return 134086656 131072
