149789 1697591001.897795 1697591001.906696 1 0.008901
149789 1697591001.917357 1697591001.925754 1 0.008397
149789 1697591001.949356 1697591001.961349 1 0.011993
149789 1697591001.985356 1697591001.997349 1 0.011993
149789 1697591002.013272 1697591002.018318 1 0.005046
149789 1697591002.037356 1697591002.049349 1 0.011993
149789 1697591002.073356 1697591002.085349 1 0.011993
149789 1697591002.108001 1697591002.115886 1 0.007885
149789 1697591002.125356 1697591002.127147 1 0.001791
149789 1697591002.137355 1697591002.149349 1 0.011994
149789 1697591002.165356 1697591002.177348 1 0.011992
149789 1697591002.201356 1697591002.208449 1 0.007093
149789 1697591002.223658 1697591002.227822 1 0.004164
149789 1697591002.237359 1697591002.249349 1 0.011990
149789 1697591002.273360 1697591002.285349 1 0.011989
149789 1697591002.309018 1697591002.317349 1 0.008331
149789 1697591002.337356 1697591002.349348 1 0.011992
149789 1697591002.373355 1697591002.385349 1 0.011994
149789 1697591002.409360 1697591002.425349 1 0.015989
149789 1697591002.453356 1697591002.465349 1 0.011993
149789 1697591002.489356 1697591002.501349 1 0.011993
149789 1697591002.529995 1697591002.541349 1 0.011354
149789 1697591002.565355 1697591002.577348 1 0.011993
149789 1697591002.601355 1697591002.610294 1 0.008939
149789 1697591002.623676 1697591002.624567 1 0.000891
149789 1697591002.626020 1697591002.630687 1 0.004667
149789 1697591002.641356 1697591002.645349 1 0.003993
149789 1697591002.657355 1697591002.669254 1 0.011899
149789 1697591002.689493 1697591002.701349 1 0.011856
149789 1697591002.731384 1697591002.741348 1 0.009964
149789 1697591002.757369 1697591002.769348 1 0.011979
149789 1697591002.801359 1697591002.811261 1 0.009902
149789 1697591002.821358 1697591002.826372 1 0.005014
149789 1697591002.832235 1697591002.841349 1 0.009114
149789 1697591002.865356 1697591002.877349 1 0.011993
149789 1697591002.901358 1697591002.911728 1 0.010370
149789 1697591002.928517 1697591002.937349 1 0.008832
149789 1697591002.961366 1697591002.973349 1 0.011983
149789 1697591002.997356 1697591003.009349 1 0.011993
149789 1697591003.033357 1697591003.045349 1 0.011992
149789 1697591003.069360 1697591003.074253 1 0.004893
149789 1697591003.085357 1697591003.097349 1 0.011992
149789 1697591003.116937 1697591003.125349 1 0.008412
149789 1697591003.149356 1697591003.155634 1 0.006278
149789 1697591003.165359 1697591003.177348 1 0.011989
149789 1697591003.201359 1697591003.213349 1 0.011990
149789 1697591003.233356 1697591003.245349 1 0.011993
149789 1697591003.273356 1697591003.285349 1 0.011993
149789 1697591003.309356 1697591003.321349 1 0.011993
149789 1697591003.345356 1697591003.349349 1 0.003993
149789 1697591003.361357 1697591003.373348 1 0.011991
149789 1697591003.397355 1697591003.402788 1 0.005433
149789 1697591003.413356 1697591003.421349 1 0.007993
149789 1697591003.433355 1697591003.445349 1 0.011994
149789 1697591003.469356 1697591003.481349 1 0.011993
149789 1697591003.509356 1697591003.521349 1 0.011993
149789 1697591003.541356 1697591003.553348 1 0.011992
149789 1697591003.577355 1697591003.589349 1 0.011994
149789 1697591003.613358 1697591003.622421 1 0.009063
149789 1697591003.649357 1697591003.661349 1 0.011992
149789 1697591003.689356 1697591003.701349 1 0.011993
149789 1697591003.725357 1697591003.737348 1 0.011991
149789 1697591003.761355 1697591003.773348 1 0.011993
149789 1697591003.781375 1697591003.793349 1 0.011974
149789 1697591003.817359 1697591003.827392 1 0.010033
149789 1697591003.849356 1697591003.861349 1 0.011993
149789 1697591003.889356 1697591003.901349 1 0.011993
149789 1697591003.925356 1697591003.941349 1 0.015993
149789 1697591003.965356 1697591003.977348 1 0.011992
149789 1697591004.001356 1697591004.013349 1 0.011993
149789 1697591004.037360 1697591004.049349 1 0.011989
149789 1697591004.073356 1697591004.074713 1 0.001357
149789 1697591004.085355 1697591004.097349 1 0.011994
149789 1697591004.117379 1697591004.129349 1 0.011970
149789 1697591004.153359 1697591004.155769 1 0.002410
149789 1697591004.165356 1697591004.177348 1 0.011992
149789 1697591004.194742 1697591004.200789 1 0.006047
149789 1697591004.221356 1697591004.237349 1 0.015993
149789 1697591004.265356 1697591004.277349 1 0.011993
149789 1697591004.301356 1697591004.313349 1 0.011993
149789 1697591004.337357 1697591004.349349 1 0.011992
149789 1697591004.373356 1697591004.385349 1 0.011993
149789 1697591004.409355 1697591004.415397 1 0.006042
149789 1697591004.425355 1697591004.437349 1 0.011994
149789 1697591004.461356 1697591004.473349 1 0.011993
149789 1697591004.501356 1697591004.513349 1 0.011993
149789 1697591004.537356 1697591004.549348 1 0.011992
149789 1697591004.573355 1697591004.585349 1 0.011994
149789 1697591004.609355 1697591004.621349 1 0.011994
149789 1697591004.649311 1697591004.659500 1 0.010189
149789 1697591004.681363 1697591004.693349 1 0.011986
149789 1697591004.717355 1697591004.729349 1 0.011994
149789 1697591004.753355 1697591004.765348 1 0.011993
149789 1697591004.780889 1697591004.793349 1 0.012460
149789 1697591004.817360 1697591004.828412 1 0.011052
149789 1697591004.865358 1697591004.877349 1 0.011991
149789 1697591004.887554 1697591004.897785 1 0.010231
