149788 1697591001.891495 1697591001.901349 3 0.009854
149788 1697591001.921359 1697591001.930235 3 0.008876
149788 1697591001.945363 1697591001.957348 3 0.011985
149788 1697591001.981357 1697591001.991129 3 0.009772
149788 1697591002.011471 1697591002.021349 3 0.009878
149788 1697591002.049356 1697591002.061348 3 0.011992
149788 1697591002.085356 1697591002.091746 3 0.006390
149788 1697591002.101356 1697591002.111874 3 0.010518
149788 1697591002.137356 1697591002.149348 3 0.011992
149788 1697591002.173355 1697591002.185349 3 0.011994
149788 1697591002.201356 1697591002.212357 3 0.011001
149788 1697591002.245357 1697591002.257349 3 0.011992
149788 1697591002.281356 1697591002.292854 3 0.011498
149788 1697591002.312918 1697591002.321349 3 0.008431
149788 1697591002.326475 1697591002.337349 3 0.010874
149788 1697591002.361356 1697591002.373348 3 0.011992
149788 1697591002.393601 1697591002.405349 3 0.011748
149788 1697591002.437367 1697591002.449349 3 0.011982
149788 1697591002.469364 1697591002.475877 3 0.006513
149788 1697591002.494149 1697591002.509349 3 0.015200
149788 1697591002.537357 1697591002.549349 3 0.011992
149788 1697591002.573356 1697591002.585349 3 0.011993
149788 1697591002.614366 1697591002.622206 3 0.007840
149788 1697591002.633356 1697591002.645348 3 0.011992
149788 1697591002.665371 1697591002.675526 3 0.010155
149788 1697591002.695750 1697591002.705349 3 0.009599
149788 1697591002.737357 1697591002.749349 3 0.011992
149788 1697591002.773356 1697591002.785348 3 0.011992
149788 1697591002.796236 1697591002.804031 3 0.007795
149788 1697591002.825357 1697591002.837348 3 0.011991
149788 1697591002.865356 1697591002.877348 3 0.011992
149788 1697591002.896403 1697591002.905349 3 0.008946
149788 1697591002.921475 1697591002.930381 3 0.008906
149788 1697591002.953356 1697591002.965348 3 0.011992
149788 1697591002.989356 1697591002.996805 3 0.007449
149788 1697591003.005356 1697591003.016161 3 0.010805
149788 1697591003.049357 1697591003.061349 3 0.011992
149788 1697591003.077389 1697591003.089348 3 0.011959
149788 1697591003.115767 1697591003.125349 3 0.009582
149788 1697591003.149356 1697591003.161349 3 0.011993
149788 1697591003.185356 1697591003.198038 3 0.012682
149788 1697591003.217240 1697591003.225349 3 0.008109
149788 1697591003.249356 1697591003.261349 3 0.011993
149788 1697591003.285356 1697591003.297349 3 0.011993
149788 1697591003.317772 1697591003.327472 3 0.009700
149788 1697591003.337356 1697591003.349349 3 0.011993
149788 1697591003.373356 1697591003.385348 3 0.011992
149788 1697591003.409357 1697591003.418300 3 0.008943
149788 1697591003.441357 1697591003.453349 3 0.011992
149788 1697591003.476929 1697591003.485348 3 0.008419
149788 1697591003.499871 1697591003.509349 3 0.009478
149788 1697591003.541357 1697591003.553349 3 0.011992
149788 1697591003.577356 1697591003.589349 3 0.011993
149788 1697591003.600405 1697591003.609349 3 0.008944
149788 1697591003.623466 1697591003.633349 3 0.009883
149788 1697591003.657356 1697591003.666368 3 0.009012
149788 1697591003.685364 1697591003.697348 3 0.011984
149788 1697591003.720233 1697591003.729349 3 0.009116
149788 1697591003.753356 1697591003.765348 3 0.011992
149788 1697591003.789356 1697591003.801349 3 0.011993
149788 1697591003.821011 1697591003.829349 3 0.008338
149788 1697591003.853356 1697591003.865348 3 0.011992
149788 1697591003.885356 1697591003.897348 3 0.011992
149788 1697591003.921505 1697591003.930510 3 0.009005
149788 1697591003.953356 1697591003.965348 3 0.011992
149788 1697591003.989356 1697591004.001349 3 0.011993
149788 1697591004.021969 1697591004.033348 3 0.011379
149788 1697591004.057356 1697591004.065348 3 0.007992
149788 1697591004.089357 1697591004.101349 3 0.011992
149788 1697591004.113356 1697591004.116763 3 0.003407
149788 1697591004.122424 1697591004.133348 3 0.010924
149788 1697591004.157356 1697591004.169348 3 0.011992
149788 1697591004.191423 1697591004.201349 3 0.009926
149788 1697591004.222887 1697591004.233349 3 0.010462
149788 1697591004.257364 1697591004.269348 3 0.011984
149788 1697591004.293356 1697591004.305197 3 0.011841
149788 1697591004.323452 1697591004.328491 3 0.005039
149788 1697591004.345395 1697591004.357349 3 0.011954
149788 1697591004.381356 1697591004.393348 3 0.011992
149788 1697591004.417356 1697591004.423703 3 0.006347
149788 1697591004.433357 1697591004.445349 3 0.011992
149788 1697591004.469357 1697591004.477349 3 0.007992
149788 1697591004.489357 1697591004.499396 3 0.010039
149788 1697591004.521374 1697591004.533349 3 0.011975
149788 1697591004.557357 1697591004.569349 3 0.011992
149788 1697591004.593357 1697591004.605349 3 0.011992
149788 1697591004.624799 1697591004.633349 3 0.008550
149788 1697591004.657356 1697591004.667385 3 0.010029
149788 1697591004.689356 1697591004.701349 3 0.011993
149788 1697591004.729358 1697591004.741349 3 0.011991
149788 1697591004.765356 1697591004.777348 3 0.011992
149788 1697591004.801356 1697591004.817349 3 0.015993
149788 1697591004.841356 1697591004.853349 3 0.011993
149788 1697591004.877356 1697591004.891484 3 0.014128
