149778 1697591001.879954 1697591001.880223 3 0.000269
149778 1697591001.889359 1697591001.890988 3 0.001629
149778 1697591001.901358 1697591001.910775 3 0.009417
149778 1697591001.930337 1697591001.941349 3 0.011012
149778 1697591001.957356 1697591001.969348 3 0.011992
149778 1697591001.991221 1697591002.001349 3 0.010128
149778 1697591002.021356 1697591002.028134 3 0.006778
149778 1697591002.037356 1697591002.049349 3 0.011993
149778 1697591002.073356 1697591002.085349 3 0.011993
149778 1697591002.111976 1697591002.114714 3 0.002738
149778 1697591002.125356 1697591002.137349 3 0.011993
149778 1697591002.161356 1697591002.173348 3 0.011992
149778 1697591002.189376 1697591002.192321 3 0.002945
149778 1697591002.212446 1697591002.221349 3 0.008903
149778 1697591002.233356 1697591002.245349 3 0.011993
149778 1697591002.269356 1697591002.281349 3 0.011993
149778 1697591002.305357 1697591002.312829 3 0.007472
149778 1697591002.321356 1697591002.326452 3 0.005096
149778 1697591002.349356 1697591002.361348 3 0.011992
149778 1697591002.385356 1697591002.393546 3 0.008190
149778 1697591002.405356 1697591002.413305 3 0.007949
149778 1697591002.425356 1697591002.437349 3 0.011993
149778 1697591002.461356 1697591002.469348 3 0.007992
149778 1697591002.485356 1697591002.494094 3 0.008738
149778 1697591002.513873 1697591002.525349 3 0.011476
149778 1697591002.549356 1697591002.561349 3 0.011993
149778 1697591002.585356 1697591002.593342 3 0.007986
149778 1697591002.605357 1697591002.614258 3 0.008901
149778 1697591002.645356 1697591002.657348 3 0.011992
149778 1697591002.675552 1697591002.685348 3 0.009796
149778 1697591002.695367 1697591002.695724 3 0.000357
149778 1697591002.705358 1697591002.714749 3 0.009391
149778 1697591002.725365 1697591002.737348 3 0.011983
149778 1697591002.761356 1697591002.773348 3 0.011992
149778 1697591002.795909 1697591002.796211 3 0.000302
149778 1697591002.804104 1697591002.813349 3 0.009245
149778 1697591002.837357 1697591002.853349 3 0.015992
149778 1697591002.877356 1697591002.889349 3 0.011993
149778 1697591002.915749 1697591002.921349 3 0.005600
149778 1697591002.930464 1697591002.941349 3 0.010885
149778 1697591002.965356 1697591002.977348 3 0.011992
149778 1697591002.996874 1697591003.005349 3 0.008475
149778 1697591003.025357 1697591003.037348 3 0.011991
149778 1697591003.061356 1697591003.073349 3 0.011993
149778 1697591003.097412 1697591003.109349 3 0.011937
149778 1697591003.137356 1697591003.149349 3 0.011993
149778 1697591003.173365 1697591003.185348 3 0.011983
149778 1697591003.209357 1697591003.217153 3 0.007796
149778 1697591003.225356 1697591003.237349 3 0.011993
149778 1697591003.261356 1697591003.273348 3 0.011992
149778 1697591003.297356 1697591003.301349 3 0.003993
149778 1697591003.313356 1697591003.317667 3 0.004311
149778 1697591003.327494 1697591003.337348 3 0.009854
149778 1697591003.361361 1697591003.373348 3 0.011987
149778 1697591003.397356 1697591003.409349 3 0.011993
149778 1697591003.429356 1697591003.441349 3 0.011993
149778 1697591003.461370 1697591003.473348 3 0.011978
149778 1697591003.497357 1697591003.499808 3 0.002451
149778 1697591003.509356 1697591003.515615 3 0.006259
149778 1697591003.518933 1697591003.529349 3 0.010416
149778 1697591003.553356 1697591003.565349 3 0.011993
149778 1697591003.589364 1697591003.593489 3 0.004125
149778 1697591003.609357 1697591003.619317 3 0.009960
149778 1697591003.645357 1697591003.657348 3 0.011991
149778 1697591003.676575 1697591003.685348 3 0.008773
149778 1697591003.697356 1697591003.701046 3 0.003690
149778 1697591003.713356 1697591003.720141 3 0.006785
149778 1697591003.729357 1697591003.741348 3 0.011991
149778 1697591003.765356 1697591003.777348 3 0.011992
149778 1697591003.801356 1697591003.804145 3 0.002789
149778 1697591003.813356 1697591003.820914 3 0.007558
149778 1697591003.829356 1697591003.841349 3 0.011993
149778 1697591003.865356 1697591003.873348 3 0.007992
149778 1697591003.897357 1697591003.903015 3 0.005658
149778 1697591003.913356 1697591003.921408 3 0.008052
149778 1697591003.930586 1697591003.941349 3 0.010763
149778 1697591003.965356 1697591003.977348 3 0.011992
149778 1697591004.001356 1697591004.013349 3 0.011993
149778 1697591004.045356 1697591004.057348 3 0.011992
149778 1697591004.077356 1697591004.089349 3 0.011993
149778 1697591004.103877 1697591004.113349 3 0.009472
149778 1697591004.145356 1697591004.157348 3 0.011992
149778 1697591004.181356 1697591004.191397 3 0.010041
149778 1697591004.201356 1697591004.204471 3 0.003115
149778 1697591004.213356 1697591004.222802 3 0.009446
149778 1697591004.245357 1697591004.257349 3 0.011992
149778 1697591004.281356 1697591004.293348 3 0.011992
149778 1697591004.317359 1697591004.323336 3 0.005977
149778 1697591004.328516 1697591004.337349 3 0.008833
149778 1697591004.357356 1697591004.369349 3 0.011993
149778 1697591004.393357 1697591004.405348 3 0.011991
149778 1697591004.423802 1697591004.433349 3 0.009547
149778 1697591004.457357 1697591004.469349 3 0.011992
149778 1697591004.499425 1697591004.506195 3 0.006770
149778 1697591004.515864 1697591004.521362 3 0.005498
149778 1697591004.533360 1697591004.545349 3 0.011989
149778 1697591004.569357 1697591004.581349 3 0.011992
149778 1697591004.605357 1697591004.617349 3 0.011992
149778 1697591004.645365 1697591004.657348 3 0.011983
149778 1697591004.677378 1697591004.689349 3 0.011971
149778 1697591004.707443 1697591004.717349 3 0.009906
149778 1697591004.741357 1697591004.753349 3 0.011992
149778 1697591004.777356 1697591004.789349 3 0.011993
149778 1697591004.808177 1697591004.808561 3 0.000384
149778 1697591004.817356 1697591004.829349 3 0.011993
149778 1697591004.853356 1697591004.865348 3 0.011992
149778 1697591004.889356 1697591004.889356 3 0.000000
